18 157 26.159872611464976
19 466 26.545350500715323
20 509 24.83575638506874
21 388 22.303865979381435
22 362 22.004926335174954
23 318 24.570178197064987
0 231 22.167460317460325
1 121 20.080853994490365
2 59 21.679378531073443
3 17 19.484313725490196
4 20 20.179166666666667
5 29 19.335057471264363
6 70 20.89714285714286
7 189 27.718430335097015
8 345 26.37946859903382
9 408 24.719812091503247
10 299 23.723299888517285
11 267 25.234769038701632
12 335 23.347810945273622
13 339 21.95968534906587
14 341 23.90938416422287
15 328 24.967835365853663
16 316 27.245569620253153
17 368 26.522916666666653
18 439 26.078435839028113
19 492 28.743631436314363
20 534 26.369600499375817
21 430 23.21170542635655
22 381 21.98582677165356
23 368 23.18596014492755
0 306 23.112363834422666
1 166 20.427610441767065
2 80 18.097291666666663
3 24 23.77291666666667
4 22 17.73939393939394
5 42 21.213492063492065
6 72 19.895370370370372
7 189 27.29021164021164
8 407 26.392956592956622
9 370 25.12932432432435
10 252 23.953902116402105
11 218 24.783715596330254
12 326 24.586758691206544
13 343 23.951117589893123
14 368 23.792300724637684
15 349 25.230802292263608
16 365 25.995342465753417
17 364 25.075503663003648
18 439 27.783788914198926
19 495 27.316026936026933
20 564 27.34420803782509
21 402 23.452487562189045
22 367 22.677429609445955
23 393 23.733460559796438
0 312 24.49129273504273
1 321 16.529543094496354
2 101 18.87986798679869
3 44 18.65833333333333
4 25 13.579333333333336
5 50 20.784666666666663
6 71 21.549295774647895
7 192 26.280034722222222
8 387 28.29384151593453
9 398 25.935427135678395
10 295 25.311242937853102
11 319 25.083228840125404
12 380 24.465482456140347
13 374 23.241532976827088
14 370 24.21549549549551
15 374 26.178253119429602
16 368 27.51109601449276
17 410 27.838333333333317
18 477 27.549755415793165
19 482 29.677627939142493
20 546 30.367032967032998
21 526 23.772972116603277
22 428 23.58014018691588
23 472 24.54272598870058
0 454 24.63858296622613
1 383 22.397824194952147
2 244 21.007786885245892
3 147 19.849546485260763
4 103 19.738349514563122
5 63 21.690476190476186
6 44 20.183333333333334
7 81 22.760082304526755
8 172 21.72383720930232
9 251 24.27974767596281
10 316 24.76529535864979
11 357 26.25546218487392
12 379 26.779551451187324
13 396 23.093350168350177
14 360 24.63759259259259
15 391 23.988064791133827
16 365 26.09223744292238
17 425 25.2147450980392
18 425 23.748196078431395
19 468 26.845975783475787
20 594 27.6760101010101
21 418 23.930940988835733
22 334 22.312425149700594
23 398 24.119556113902835
0 398 25.934505862646578
1 315 24.06793650793652
2 214 21.04197819314642
3 149 20.39317673378076
4 105 21.30698412698412
5 63 21.126719576719577
6 35 20.19285714285715
7 46 22.21086956521739
8 104 21.9548076923077
9 147 21.582879818594108
10 199 23.13274706867671
11 252 24.209060846560856
12 338 23.86942800788953
13 307 21.97584147665581
14 296 23.12376126126128
15 306 25.50315904139433
16 261 37.79559386973178
17 326 24.30332310838445
18 375 26.440844444444437
19 408 26.86768790849672
20 364 24.067307692307676
21 257 21.146562905317772
22 238 22.379341736694677
23 284 24.201232394366194
0 182 23.1857142857143
1 68 20.541421568627445
2 29 18.00919540229885
3 12 24.084722222222222
4 20 21.05666666666667
5 53 21.495597484276725
6 62 21.549462365591403
7 172 25.689728682170536
8 374 28.21225490196077
9 360 24.64268518518517
10 295 24.755819209039537
11 255 23.56032679738561
12 332 23.598393574297177
13 324 23.14094650205762
14 351 23.985470085470105
15 292 25.055136986301378
16 299 26.427982162764792
17 362 25.91569981583792
18 392 26.136394557823106
19 470 27.048226950354582
20 438 25.38687214611873
21 336 22.757688492063465
22 319 22.919226750261252
23 340 25.22642156862746
0 247 23.70944669365722
1 136 20.91642156862745
2 51 17.916993464052286
3 27 17.324074074074073
4 22 17.486363636363635
5 36 20.671296296296294
6 74 22.528603603603603
7 203 26.89351395730706
8 426 26.70125195618154
9 378 26.11873897707232
10 261 25.51500638569605
11 292 26.004680365296803
12 418 25.55717703349281
13 377 24.578558797524316
14 425 25.247529411764706
15 376 26.833865248226953
16 367 26.83623978201634
17 379 26.19142480211084
18 470 26.951595744680848
19 467 27.81770164168451
20 504 27.823048941798945
21 430 23.070271317829455
22 389 23.355398457583536
23 384 25.25902777777775
0 350 23.177523809523816
1 181 23.416206261510133
2 84 20.334722222222215
3 47 19.06241134751773
4 37 20.545495495495494
5 46 17.42282608695652
6 85 20.347058823529412
7 195 27.976068376068383
8 389 27.08971722365039
9 354 25.05969868173261
10 281 26.12959667852906
11 235 25.726382978723404
12 339 25.003883972468046
13 320 22.354114583333345
14 370 24.330810810810807
15 332 25.997590361445795
16 325 25.96933333333333
17 355 26.02535211267607
18 400 27.27045833333333
19 456 29.060233918128667
20 527 26.303130929791266
21 403 23.92258064516132
22 371 24.071248876909273
23 394 24.797335025380733
0 336 23.178769841269848
1 167 22.456886227544917
2 89 19.941573033707865
3 49 18.867006802721082
4 38 19.026315789473685
5 46 22.29710144927536
6 68 25.579901960784323
7 173 26.032466281310203
8 358 25.684823091247672
9 352 24.649573863636366
10 263 26.333776932826378
11 255 26.327254901960774
12 311 25.556966773847833
13 285 22.517719298245623
14 340 25.011764705882342
15 283 27.520789163722018
16 331 25.897784491440063
17 330 27.349848484848486
18 353 26.558215297450438
19 407 28.485053235053226
20 456 25.697953216374284
21 365 22.486255707762556
22 308 22.228300865800882
23 346 23.89773603082851
0 300 23.395833333333318
1 182 21.261263736263736
2 125 19.801066666666674
3 52 19.54903846153846
4 50 18.06666666666666
5 51 19.45915032679739
6 73 21.983105022831054
7 171 25.062183235867447
8 340 24.25357843137255
9 308 23.966017316017318
10 264 25.415214646464666
11 243 25.690123456790126
12 365 24.139315068493143
13 343 21.314723032069935
14 335 23.779751243781106
15 331 26.42985901309165
16 341 26.406451612903236
17 274 25.632299270073
18 269 24.03748451053285
19 288 24.48865740740741
20 327 22.78639143730885
21 254 22.160170603674555
22 208 23.063301282051288
23 239 21.73333333333334
0 214 20.64696261682244
1 160 21.209166666666654
2 104 20.049679487179485
3 60 20.68166666666667
4 54 19.685185185185187
5 64 19.802864583333335
6 54 20.33981481481482
7 68 24.22622549019607
8 106 24.820911949685538
9 158 24.225316455696195
10 184 26.172916666666673
11 226 23.70560471976401
12 270 22.58895061728396
13 187 22.756684491978604
14 181 21.866114180478814
15 211 21.98736176935229
16 216 22.071296296296286
17 218 22.63922018348624
18 182 22.7507326007326
19 204 22.093137254901965
20 107 21.108255451713394
21 56 20.79285714285714
22 83 23.244578313253008
23 104 21.549038461538462
0 114 21.44342105263158
1 76 20.85131578947368
2 39 19.123504273504278
3 19 20.622807017543863
4 6 18.63611111111111
5 19 17.445614035087722
6 20 23.895833333333332
7 20 18.133333333333333
8 30 19.066666666666666
9 42 22.961904761904755
10 82 23.034349593495932
11 123 24.43279132791329
12 180 24.474351851851843
13 73 19.78675799086759
14 50 21.955
15 84 20.56369047619048
16 91 21.469413919413913
17 120 22.08638888888889
18 136 22.158210784313713
19 176 21.71808712121212
20 141 19.55874704491726
21 105 19.946349206349204
22 119 21.40182072829132
23 101 21.45660066006601
0 60 19.051944444444448
1 29 19.0051724137931
2 22 13.884848484848487
3 15 15.303333333333333
4 19 20.889473684210525
5 22 17.966666666666665
6 23 25.70942028985507
7 24 18.478472222222226
8 33 21.387878787878787
9 67 21.132587064676624
10 81 18.782921810699577
11 103 19.418284789644016
12 137 20.938929440389302
13 99 16.66279461279461
14 111 20.734984984984983
15 117 19.556980056980063
16 148 22.200450450450454
17 148 23.124999999999993
18 145 22.108735632183905
19 193 21.70967184801382
20 169 20.035502958579873
21 128 20.380468750000013
22 130 20.994102564102562
23 112 20.640178571428574
0 95 19.370877192982455
1 53 17.186792452830193
2 20 18.09
3 11 20.216666666666665
4 19 16.990350877192984
5 16 19.294791666666665
6 48 20.44236111111111
7 72 23.51898148148148
8 193 22.60457685664938
9 210 21.46436507936507
10 191 22.167539267015716
11 169 22.469723865877707
12 212 23.101729559748435
13 173 20.335356454720607
14 199 21.607453936348406
15 179 23.469273743016746
16 755 30.84646799116994
17 282 22.34284869976359
18 249 21.750133868808565
19 281 21.779300118623976
20 221 19.853846153846153
21 148 21.077477477477476
22 118 19.235451977401137
23 122 19.92103825136612
0 102 20.740686274509805
1 42 22.842460317460315
2 19 17.840350877192986
3 8 19.441666666666666
4 25 16.419333333333338
5 27 19.704938271604938
6 36 21.812500000000004
7 82 22.806097560975612
8 206 21.04279935275082
9 220 21.56522727272728
10 163 20.921779141104285
11 215 22.463875968992248
12 158 17.703481012658226
13 122 21.222404371584705
14 217 22.290783410138268
15 223 22.116068759342305
16 228 21.305116959064318
17 255 22.764248366013078
18 272 22.065012254901966
19 283 21.93321554770317
20 242 20.380647382920113
21 152 21.313048245614038
22 163 20.800817995910016
23 135 22.206790123456795
0 115 20.566086956521744
1 52 17.201282051282046
2 22 16.56439393939394
3 16 20.662499999999998
4 16 15.085416666666669
5 22 21.76136363636363
6 41 21.63373983739837
7 78 23.012606837606842
8 204 21.321160130718955
9 241 20.814246196403886
10 161 21.248240165631454
11 184 22.565489130434774
12 227 20.928193832599113
13 214 21.597897196261677
14 232 21.480316091954016
15 235 21.077021276595747
16 239 22.647210599721053
17 285 23.179064327485374
18 268 21.518718905472635
19 322 21.204399585921326
20 229 21.20684133915574
21 172 21.682073643410853
22 144 20.5181712962963
23 148 21.51722972972971
0 108 19.76836419753087
1 57 18.0359649122807
2 28 14.836309523809518
3 21 21.33571428571429
4 21 20.288888888888888
5 20 19.48416666666667
6 39 21.914957264957263
7 93 22.926881720430107
8 190 23.198947368421038
9 167 30.956786427145715
10 227 21.21483113069016
11 193 21.960189982728846
12 212 21.721462264150937
13 243 19.654732510288067
14 227 20.447209985315716
15 264 21.64229797979797
16 245 21.360952380952373
17 264 23.193560606060597
18 230 21.115724637681144
19 283 20.769787985865722
20 218 20.761926605504584
21 165 22.00474747474747
22 149 19.70134228187919
23 169 20.462919132149892
0 99 20.53148148148148
1 63 19.614814814814817
2 35 19.395238095238096
3 28 18.854166666666664
4 28 21.91190476190476
5 29 17.8683908045977
6 27 20.731481481481477
7 52 24.89551282051281
8 87 23.572796934865888
9 100 22.726833333333335
10 143 22.696736596736606
11 190 20.709649122807026
12 190 20.150438596491227
13 187 19.357843137254907
14 174 19.65670498084291
15 170 20.777352941176467
16 189 20.61446208112874
17 207 20.643880837359095
18 204 23.0157679738562
19 310 24.800430107526886
20 366 24.066848816029147
21 173 21.57206165703277
22 75 22.01555555555556
23 77 19.426623376623365
0 166 23.650502008032124
1 251 21.860092961487396
2 243 22.002331961591214
3 202 20.76633663366337
4 146 21.05194063926941
5 80 20.761666666666677
6 66 20.260606060606065
7 28 19.82202380952381
8 37 19.571171171171176
9 31 20.705913978494625
10 54 17.361419753086427
11 70 21.985476190476195
12 112 20.671875
13 130 19.269487179487182
14 124 20.10766129032257
15 132 21.458585858585863
16 186 21.608243727598573
17 189 21.942328042328043
18 171 20.801461988304098
19 205 21.99130081300814
20 145 20.6367816091954
21 120 22.70097222222222
22 109 21.148929663608566
23 95 20.498596491228078
0 69 20.484299516908216
1 25 20.918666666666674
2 12 16.931944444444444
3 13 19.430769230769233
4 17 13.637254901960784
5 18 18.490740740740737
6 32 20.76822916666667
7 74 22.438513513513517
8 171 22.091520467836254
9 152 22.240460526315786
10 170 20.273431372549005
11 142 19.059507042253514
12 191 20.716666666666676
13 165 19.743232323232306
14 177 21.25282485875708
15 184 20.11947463768117
16 212 21.565880503144662
17 258 23.27952196382428
18 274 20.71253041362532
19 241 22.254840940525582
20 181 21.503314917127078
21 116 20.448275862068957
22 138 18.765338164251215
23 121 21.7073002754821
0 80 20.775208333333342
1 36 19.41898148148148
2 17 22.034313725490197
3 3 22.666666666666668
4 10 19.55833333333333
5 23 19.340579710144926
6 42 21.0047619047619
7 80 22.616874999999993
8 241 22.67012448132779
9 224 20.810639880952372
10 160 21.275729166666675
11 176 22.73096590909091
12 192 22.08203125
13 175 19.849047619047607
14 171 21.279142300194934
15 181 21.08600368324126
16 196 20.544982993197284
17 285 21.894795321637407
18 300 21.622944444444457
19 341 21.754643206256112
20 230 20.44594202898551
21 142 19.667370892018788
22 156 20.162072649572643
23 132 22.617424242424242
0 79 20.590295358649787
1 35 20.100952380952386
2 24 19.56458333333333
3 15 18.39888888888889
4 11 15.398484848484848
5 21 18.665873015873018
6 31 20.261290322580642
7 109 22.216666666666665
8 279 22.075686977299892
9 262 20.004389312977125
10 195 20.835897435897433
11 174 21.683045977011496
12 228 21.34276315789473
13 238 19.839075630252108
14 207 21.30426731078906
15 199 20.54865996649917
16 246 22.591734417344167
17 312 21.739262820512824
18 328 20.763160569105704
19 358 22.000279329608933
20 269 20.891635687732343
21 179 19.92905027932961
22 167 20.142714570858285
23 172 20.559011627906965
0 110 20.49530303030304
1 45 20.735925925925926
2 18 20.375925925925927
3 7 20.252380952380953
4 14 18.194047619047616
5 21 18.369047619047617
6 38 20.666666666666668
7 107 24.37367601246106
8 325 21.723230769230764
9 278 20.704796163069545
10 213 21.39577464788733
11 216 21.369830246913583
12 264 20.352967171717165
13 210 19.96825396825397
14 271 19.903075030750305
15 261 21.248595146871008
16 278 21.622841726618702
17 360 22.771111111111118
18 403 22.591191066997514
19 400 21.266374999999986
20 325 20.923999999999996
21 240 20.516736111111104
22 209 20.653987240829355
23 212 22.31116352201257
0 159 21.20859538784067
1 85 20.372549019607845
2 53 17.783962264150947
3 38 18.235087719298246
4 31 17.913440860215054
5 34 21.544607843137257
6 40 19.55958333333333
7 62 20.435483870967737
8 93 19.807347670250902
9 144 20.332870370370358
10 160 22.686041666666675
11 167 21.367265469061888
12 246 20.714972899729005
13 188 19.17030141843971
14 189 20.32865961199294
15 250 20.544133333333335
16 230 20.731231884057966
17 277 21.926474127557146
18 292 20.665810502283097
19 337 22.504352126607323
20 306 22.308932461873614
21 227 20.861967694566815
22 221 21.008974358974374
23 222 21.71216216216215
0 184 21.28777173913044
1 107 20.724922118380057
2 77 17.417532467532478
3 45 16.891111111111115
4 33 20.625252525252527
5 31 17.483870967741943
6 27 19.027160493827157
7 46 23.757608695652173
8 94 22.31312056737588
9 137 21.74221411192213
10 201 20.95563847429519
11 220 21.52083333333333
12 272 21.92702205882352
13 249 20.011244979919685
14 251 21.24262948207172
15 268 22.030099502487566
16 296 21.94724099099098
17 281 22.864768683274033
18 342 22.123391812865496
19 426 23.2778951486698
20 348 23.910823754789273
21 257 21.359792477302214
22 214 21.67616822429906
23 269 22.25774473358116
0 255 22.05647058823527
1 182 20.711355311355312
2 85 19.434313725490206
3 56 19.039880952380948
4 30 20.788888888888884
5 29 17.55287356321839
6 20 20.40333333333333
7 34 18.369117647058825
8 53 19.07389937106918
9 128 20.41874999999998
10 185 19.87882882882882
11 207 21.403462157809983
12 280 21.312142857142852
13 260 19.544423076923092
14 267 20.78245942571787
15 286 22.99393939393939
16 313 22.52731629392971
17 331 22.09768378650554
18 312 22.78835470085469
19 350 22.823619047619065
20 273 21.159096459096453
21 209 21.486523125996797
22 225 21.91125925925926
23 157 20.64203821656051
0 89 20.64569288389513
1 44 18.853787878787877
2 14 17.62857142857143
3 7 20.89761904761905
4 21 18.477777777777778
5 44 19.18409090909091
6 63 21.166931216931214
7 219 26.25844748858449
8 442 25.541704374057293
9 335 23.138756218905467
10 235 21.330283687943265
11 194 21.948453608247426
12 301 20.79911406423037
13 299 21.68182831661091
14 289 21.41568627450981
15 260 22.388076923076934
16 289 22.75282583621685
17 374 23.42892156862744
18 455 24.049413919413908
19 490 24.428095238095246
20 417 20.930815347721822
21 319 20.917763845350045
22 269 20.61747211895909
23 200 21.621916666666667
0 142 22.009507042253524
1 64 19.56067708333333
2 45 21.888148148148144
3 3 32.28333333333333
4 16 15.496875
5 30 17.540000000000003
6 75 20.248888888888885
7 223 26.801195814648725
8 426 25.53008607198746
9 382 24.635732984293185
10 275 23.52
11 254 23.27198162729658
12 330 19.809444444444452
13 301 20.618826135105206
14 352 21.283096590909096
15 307 22.61666666666666
16 324 22.222273662551444
17 383 22.493342036553535
18 510 24.912712418300625
19 487 23.647912388774795
20 438 21.62214611872148
21 307 20.81259500542888
22 300 21.826277777777776
23 276 23.133212560386475
0 168 24.978174603174597
1 123 21.11761517615176
2 72 21.39375
3 24 24.10972222222222
4 28 27.552380952380958
5 32 21.395833333333336
6 87 21.248467432950196
7 200 26.196916666666652
8 452 25.1245575221239
9 417 24.843205435651498
10 282 22.716784869976355
11 277 22.07858002406739
12 332 21.990913654618478
13 315 20.994444444444444
14 354 21.325470809792836
15 352 22.443229166666672
16 341 21.756011730205273
17 385 23.643333333333334
18 492 25.864329268292657
19 510 25.195098039215694
20 483 23.65231193926844
21 375 20.240711111111096
22 344 22.435174418604653
23 286 22.25664335664334
0 216 22.433796296296308
1 105 23.00063492063493
2 73 22.973972602739725
3 38 22.249561403508768
4 30 24.628333333333337
5 37 24.049549549549553
6 65 18.50205128205128
7 204 25.617810457516345
8 447 25.95406413124533
9 426 22.913341158059474
10 305 22.948032786885246
11 268 21.941666666666666
12 367 21.83801089918255
13 331 22.3510574018127
14 396 22.278324915824907
15 348 22.90981800766283
16 376 23.166710992907785
17 418 23.07288676236043
18 516 25.69638242894055
19 525 25.372952380952388
20 526 24.43564638783271
21 379 21.848109058926998
22 345 24.643188405797094
23 376 24.32216312056739
0 232 22.33642241379309
1 133 20.870050125313288
2 75 23.301777777777787
3 23 26.827536231884057
4 28 32.779761904761905
5 41 22.67967479674796
6 90 21.164074074074076
7 215 26.366899224806193
8 490 26.677619047619046
9 452 23.70678466076697
10 334 23.67380239520958
11 332 23.038755020080323
12 380 23.603815789473682
13 341 22.14340175953079
14 419 22.086793953858393
15 363 24.185583103764927
16 377 23.827188328912463
17 456 26.243567251461986
18 531 26.21650973006906
19 582 26.82454180985107
20 592 25.587584459459478
21 504 22.733432539682536
22 449 22.467223459539724
23 425 23.615254901960775
0 449 25.402115812917614
1 313 22.375452609158682
2 190 21.915526315789478
3 128 20.957291666666656
4 84 22.79305555555555
5 68 20.868627450980394
6 45 21.042222222222225
7 85 21.74627450980393
8 239 22.60801952580195
9 276 22.587983091787454
10 299 22.915384615384625
11 295 24.774180790960454
12 371 23.849999999999994
13 350 22.030047619047615
14 337 21.994906033630066
15 379 24.145646437994724
16 393 23.755131467345194
17 402 24.55970149253732
18 431 25.071113689095135
19 549 26.50297510625378
20 634 25.172634069400655
21 449 23.32446176688937
22 433 23.99107005388761
23 502 24.31304780876493
0 418 26.510566188197757
1 353 24.24527856468365
2 182 22.150915750915754
3 118 22.07782485875707
4 98 19.310034013605446
5 53 16.507232704402515
6 25 19.467333333333336
7 39 21.180769230769222
8 100 20.32083333333333
9 140 19.757380952380956
10 193 21.30397236614853
11 265 22.38000000000001
12 339 22.61764995083581
13 352 20.44796401515151
14 335 22.24567164179104
15 324 23.235545267489716
16 374 24.46145276292336
17 412 23.275040453074446
18 419 23.87295147175818
19 435 24.660000000000025
20 367 22.729200726612177
21 271 21.345756457564583
22 318 22.487002096436072
23 298 21.940436241610737
0 176 21.608901515151516
1 89 23.97677902621723
2 44 23.398863636363636
3 32 25.780729166666667
4 40 24.226666666666663
5 66 23.639646464646464
6 93 20.887813620071682
7 186 26.252777777777776
8 389 26.62832047986293
9 342 23.586939571150097
10 299 22.74565217391304
11 280 22.171011904761897
12 319 22.057366771159884
13 330 21.28257575757576
14 360 22.93527777777777
15 301 22.590310077519362
16 307 23.05119435396308
17 381 22.834995625546792
18 470 24.855212765957443
19 514 24.032814526588876
20 421 23.090221694378457
21 327 21.041488277268098
22 301 21.480675526024363
23 257 22.107328145265903
0 188 21.726241134751763
1 107 23.008255451713396
2 73 23.696347031963466
3 36 23.059259259259257
4 23 25.7268115942029
5 30 19.37055555555555
6 61 19.253278688524592
7 209 26.66076555023924
8 473 25.614763918252294
9 409 24.303830480847594
10 275 24.06436363636362
11 250 22.947866666666673
12 318 21.71918238993709
13 297 22.885690235690245
14 326 22.79887525562371
15 300 22.626999999999992
16 356 23.333192883895123
17 378 23.82627865961199
18 480 25.34635416666662
19 535 25.20772585669781
20 463 22.480597552195835
21 329 21.99174265450861
22 333 22.857007007007002
23 297 23.58120089786755
0 193 21.655958549222806
1 111 19.936486486486483
2 46 18.793478260869563
3 20 18.325833333333332
4 21 16.643650793650796
5 28 17.757738095238093
6 72 20.81851851851852
7 196 25.30085034013606
8 420 26.518730158730143
9 391 25.201832907075882
10 273 23.87918192918193
11 274 22.949756690997567
12 322 21.647256728778466
13 352 20.904687499999998
14 302 24.162251655629152
15 363 22.902249770431588
16 302 23.54801324503311
17 375 23.608488888888893
18 466 24.979220314735347
19 468 25.84074074074074
20 473 23.331113460183232
21 378 21.322134038800684
22 358 23.142178770949723
23 329 21.72391084093213
0 198 21.68383838383838
1 100 20.791
2 52 17.710576923076925
3 17 16.36470588235294
4 21 20.638888888888893
5 36 20.336111111111116
6 67 20.844527363184078
7 191 24.400087260034915
8 438 25.83280060882799
9 396 23.890572390572387
10 278 23.065647482014402
11 257 23.174708171206234
12 328 22.436280487804876
13 324 22.951440329218112
14 339 22.13706981317602
15 319 23.561912225705328
16 320 24.186406249999997
17 385 23.614069264069258
18 514 25.822730220492858
19 505 25.749438943894358
20 533 23.202188868042523
21 374 22.31056149732619
22 368 22.4921195652174
23 368 22.712862318840582
0 222 21.883933933933935
1 132 18.851136363636364
2 65 20.20025641025642
3 26 18.18205128205128
4 19 16.89122807017544
5 37 21.450450450450447
6 88 21.429356060606064
7 189 26.135537918871247
8 462 26.510497835497844
9 405 23.596625514403307
10 286 23.479370629370624
11 272 23.44074754901961
12 350 22.876238095238094
13 350 22.04709523809524
14 340 23.11058823529412
15 365 22.02050228310503
16 284 24.446830985915497
17 365 25.164885844748866
18 470 25.97592198581561
19 489 26.49785276073619
20 494 25.063663967611323
21 495 22.622962962962955
22 430 22.824573643410854
23 444 23.70011261261261
0 418 23.888915470494414
1 300 21.489499999999992
2 178 19.20346441947566
3 111 20.253753753753756
4 84 21.66964285714285
5 69 18.596618357487916
6 46 18.205797101449274
7 85 22.335882352941173
8 164 21.908434959349588
9 243 23.044650205761325
10 273 23.69017094017093
11 276 23.62910628019324
12 367 22.285104450499528
13 318 20.656446540880516
14 320 21.390677083333326
15 324 23.584362139917705
16 317 23.08096740273396
17 371 23.134366576819414
18 435 23.19827586206896
19 509 26.0483300589391
20 526 25.528612167300384
21 376 22.307047872340434
22 416 22.31895032051282
23 457 24.13442742523706
0 471 24.815322009908023
1 317 21.86550998948475
2 195 21.567350427350426
3 133 19.478070175438603
4 71 20.589671361502344
5 48 19.963541666666664
6 28 16.753571428571426
7 39 19.262820512820515
8 85 19.8635294117647
9 125 20.460933333333326
10 183 21.582240437158468
11 209 21.789712918660285
12 299 21.131716833890763
13 245 19.807619047619045
14 241 21.552143845089894
15 311 22.793033226152218
16 334 22.32030938123753
17 351 23.041880341880344
18 395 23.646582278481013
19 416 23.245272435897434
20 360 21.134768518518534
21 261 20.623627075351216
22 246 21.813482384823843
23 223 20.889985052316884
0 149 20.715659955257273
1 56 19.27202380952381
2 27 18.7462962962963
3 16 19.666666666666668
4 26 18.48205128205128
5 62 18.10672043010752
6 90 21.982407407407404
7 164 26.50914634146341
8 385 26.461341991342007
9 306 23.195098039215694
10 251 22.97031872509959
11 235 22.733120567375884
12 279 21.532377538829152
13 292 22.24543378995436
14 311 22.25257234726689
15 267 22.080461922596754
16 271 22.09464944649447
17 360 24.4111111111111
18 390 25.30089743589746
19 419 24.35604614160698
20 424 21.518592767295594
21 309 20.0663430420712
22 246 21.03705962059621
23 250 20.941133333333337
0 135 20.381481481481483
1 70 22.23142857142858
2 38 17.166228070175436
3 7 15.652380952380954
4 12 17.849999999999998
5 51 20.31111111111111
6 61 19.440163934426224
7 224 24.896279761904758
8 413 27.02639225181599
9 353 24.172285174693098
10 293 24.319965870307165
11 279 22.57664277180406
12 328 21.89131097560976
13 300 20.83105555555555
14 322 22.393012422360254
15 282 22.92234042553192
16 324 24.02247942386831
17 352 24.313873106060598
18 449 25.245100222717156
19 495 24.49488215488214
20 476 22.665091036414548
21 373 20.910545129579987
22 317 21.41619348054679
23 288 23.011342592592587
0 178 21.786048689138582
1 90 20.166481481481476
2 45 17.818148148148147
3 16 19.356250000000003
4 21 15.036507936507936
5 36 18.88101851851852
6 75 20.98066666666667
7 189 25.27407407407408
8 441 25.08306878306877
9 393 24.24677692960137
10 278 24.38459232613909
11 265 23.777924528301902
12 310 21.958118279569895
13 314 22.696178343949036
14 360 22.37444444444443
15 309 25.108036677454145
16 302 23.300496688741724
17 368 22.754438405797107
18 459 25.074328249818443
19 497 26.115694164989918
20 542 22.418265682656813
21 395 20.860126582278472
22 367 22.35544959128068
23 343 22.73357628765793
0 228 22.700000000000006
1 91 21.025824175824177
2 32 17.072916666666664
3 15 14.974444444444446
4 12 13.597222222222223
5 37 19.86351351351351
6 81 20.342181069958844
7 193 24.801295336787568
8 440 26.425795454545447
9 407 24.029811629811643
10 286 23.543414918414914
11 252 23.2720238095238
12 377 22.903183023872668
13 348 23.43079501915709
14 336 22.95327380952381
15 316 22.348364978902943
16 310 23.277204301075276
17 387 24.4279069767442
18 471 26.116242038216544
19 541 26.174738139248333
20 533 23.898561601000612
21 398 21.974999999999984
22 355 21.50788732394366
23 382 22.28691099476439
0 259 21.75624195624199
1 102 20.51552287581699
2 41 19.044308943089433
3 19 17.602631578947364
4 14 19.863095238095237
5 30 20.034444444444443
6 82 19.845325203252035
7 182 23.40503663003662
8 456 25.68187134502923
9 394 23.427538071065975
10 291 23.393986254295537
11 288 22.991898148148138
12 390 22.38987179487181
13 346 21.201974951830426
14 369 22.887669376693754
15 370 23.02351351351351
16 341 24.230156402737048
17 412 24.669700647249172
18 463 25.491252699784013
19 527 26.262112586970282
20 571 25.568096906012862
21 509 22.50946299934512
22 428 21.61865264797507
23 459 23.520987654321026
0 381 23.359405074365704
1 263 22.40602027883398
2 154 19.300216450216443
3 113 18.4315634218289
4 105 20.67206349206349
5 69 18.457729468599037
6 54 20.19506172839506
7 87 21.843486590038317
8 182 21.366666666666656
9 229 21.794468704512372
10 297 22.896240179573507
11 284 22.594718309859147
12 324 24.18765432098765
13 322 20.62691511387165
14 326 22.980010224948877
15 347 22.70249759846301
16 375 23.397733333333324
17 401 22.853283458021597
18 432 23.94976851851854
19 507 26.13162393162392
20 514 26.347405966277535
21 420 22.491111111111113
22 414 23.225644122383265
23 469 24.88823738450604
0 458 25.876528384279467
1 334 24.080788423153713
2 177 21.792090395480216
3 127 21.645406824146978
4 121 20.366804407713495
5 47 20.71950354609929
6 49 20.889795918367355
7 52 20.066346153846155
8 108 21.31929012345679
9 138 20.611231884057982
10 192 21.277430555555544
11 216 21.054320987654314
12 331 21.908207452165154
13 289 20.294290657439443
14 277 21.49632972322504
15 266 22.514974937343354
16 331 22.45634441087613
17 358 22.525139664804474
18 417 23.33804956035171
19 429 24.225446775446773
20 334 21.918712574850307
21 257 22.29747081712061
22 273 21.559523809523792
23 204 21.554330065359483
0 140 20.547142857142855
1 61 19.993442622950823
2 24 20.864583333333332
3 19 23.329824561403505
4 26 17.110897435897435
5 55 20.517575757575766
6 80 21.268749999999994
7 170 26.82774509803922
8 381 26.224059492563434
9 348 22.397653256705
10 265 22.12528301886793
11 252 22.277711640211646
12 283 21.229976442873976
13 296 22.045213963963956
14 317 22.463038906414308
15 269 23.294299876084278
16 290 23.181264367816087
17 352 23.53304924242425
18 476 23.476750700280125
19 518 23.587194337194315
20 479 21.745233124565072
21 311 20.272722400857454
22 279 20.60501792114694
23 257 21.800907911802863
0 161 21.40248447204969
1 77 16.22316017316017
2 41 18.715447154471548
3 9 19.918518518518518
4 14 12.605952380952377
5 33 18.18232323232323
6 74 19.08963963963964
7 203 27.257142857142853
8 428 26.99571651090343
9 394 24.145769881556685
10 289 21.605247981545553
11 334 31.738672654690543
12 445 21.275243445692894
13 314 21.589278131634803
14 405 22.33403292181071
15 319 22.778578892371993
16 331 22.83313192346425
17 398 23.70251256281405
18 485 25.46185567010308
19 534 25.21373283395753
20 436 23.077866972477075
21 353 20.93881019830028
22 364 21.498305860805846
23 323 21.99705882352941
0 153 21.14466230936819
1 99 20.893939393939394
2 50 16.892
3 24 18.858333333333338
4 17 13.300980392156863
5 26 19.899358974358975
6 90 19.681296296296303
7 197 26.673434856175984
8 481 24.609078309078296
9 399 23.905847953216387
10 288 23.474074074074082
11 283 22.468845700824502
12 382 22.76758289703315
13 321 21.824766355140177
14 414 23.0537037037037
15 369 23.641960252935856
16 361 23.144182825484773
17 429 23.347707847707856
18 513 25.85038986354776
19 528 26.520044191919215
20 516 23.55355297157619
21 404 21.41344884488449
22 346 22.217726396917143
23 361 22.641320406278847
0 230 20.81079710144927
1 123 20.685501355013553
2 59 18.353672316384184
3 16 18.37291666666667
4 16 17.634375
5 39 17.836324786324788
6 86 21.018798449612405
7 258 26.328165374677003
8 509 26.829174852652294
9 503 24.316302186878744
10 326 23.820296523517392
11 318 24.116509433962253
12 430 22.542674418604662
13 407 22.47846027846026
14 434 23.243433179723507
15 344 23.42916666666665
16 390 25.11162393162393
17 458 25.259061135371194
18 483 26.83975155279501
19 520 26.529583333333346
20 516 23.823385012919882
21 439 22.297038724373593
22 382 22.40244328097732
23 392 22.414795918367343
0 280 20.92363095238096
1 148 19.68626126126126
2 75 17.97355555555555
3 37 18.986486486486488
4 25 21.201999999999998
5 31 18.47849462365591
6 88 22.573484848484842
7 296 27.156981981981986
8 550 28.688909090909085
9 485 26.533986254295552
10 349 23.993075453677164
11 322 25.072774327122172
12 396 22.090193602693617
13 424 21.554127358490565
14 392 22.916028911564627
15 389 24.171422450728365
16 366 24.31479963570128
17 403 25.204383788254756
18 475 26.617122807017548
19 537 26.50332091868406
20 530 26.130251572327037
21 536 22.6938121890547
22 424 22.711949685534588
23 432 22.694328703703697
0 386 24.18298791019
1 268 22.803233830845784
2 192 19.53463541666667
3 106 19.81022012578616
4 94 21.053900709219857
5 76 18.501754385964915
6 36 18.57129629629629
7 79 21.852742616033762
8 175 22.972666666666658
9 236 23.23100282485875
10 308 24.282629870129863
11 345 24.260917874396128
12 406 24.70082101806239
13 383 21.565752828546575
14 328 22.700203252032512
15 367 23.676566757493212
16 348 23.63826628352491
17 357 23.461858076563942
18 384 23.30590277777779
19 485 25.76333333333334
20 546 25.362301587301594
21 400 22.114708333333375
22 336 22.341269841269835
23 406 23.510673234811172
0 435 25.99137931034482
1 286 23.468240093240098
2 192 22.559201388888884
3 138 20.785990338164257
4 106 19.60518867924528
5 63 22.14576719576719
6 41 18.910975609756093
7 45 19.49962962962963
8 102 20.178594771241823
9 142 20.694366197183093
10 217 21.3825652841782
11 245 23.07619047619048
12 350 23.45809523809526
13 301 21.685658914728673
14 315 22.42153439153439
15 338 24.882199211045357
16 323 23.785087719298257
17 367 24.124613987284306
18 380 23.86557017543862
19 452 25.10796460176992
20 371 22.276460017969473
21 222 21.327777777777776
22 341 24.09936461388075
23 270 21.68944444444446
0 157 21.249469214437365
1 52 18.73717948717949
2 20 16.539166666666667
3 13 22.124358974358977
4 20 15.405000000000001
5 53 18.883333333333333
6 93 21.213261648745522
7 204 25.455800653594768
8 404 26.020338283828377
9 326 22.616308793456
10 284 21.781044600938948
11 270 21.980740740740732
12 335 20.44835820895523
13 339 20.63062930186824
14 327 21.566004077471973
15 281 22.155693950177948
16 300 22.9351111111111
17 379 22.82009674582235
18 481 23.457761607761615
19 457 24.026258205689263
20 449 22.035226429101723
21 326 20.645449897750503
22 272 19.48082107843137
23 243 19.95329218106996
0 160 19.87437500000001
1 97 18.281443298969066
2 62 15.80887096774194
3 28 12.100595238095234
4 30 13.593333333333334
5 57 15.204385964912277
6 68 21.441176470588232
7 194 25.805240549828163
8 457 25.51207148067104
9 381 22.898118985126857
10 287 23.42305458768874
11 257 24.487808041504536
12 311 21.985852090032147
13 311 19.950482315112517
14 331 21.5700906344411
15 287 23.325203252032534
16 323 22.868833849329185
17 357 23.03930905695612
18 489 25.05739604635309
19 516 24.640245478036157
20 474 22.88132911392405
21 377 20.031962864721482
22 356 20.87668539325843
23 386 21.41653713298789
0 257 20.020881971465627
1 749 12.156920338228742
2 97 16.195532646048104
3 66 13.752777777777773
4 46 19.271376811594198
5 66 14.633585858585857
6 85 19.78823529411765
7 209 24.25478468899522
8 471 24.465003538570425
9 402 23.06977611940299
10 297 22.25836139169471
11 264 22.747474747474747
12 349 21.66079274116524
13 345 21.65260869565219
14 323 22.6312693498452
15 313 22.865495207667742
16 323 23.81656346749226
17 394 23.733840947546536
18 493 24.180324543610542
19 532 24.040601503759387
20 534 23.28121098626715
21 397 21.58060453400505
22 433 18.43441108545035
23 385 20.961471861471853
0 306 20.64738562091504
1 178 16.383895131086142
2 116 16.544971264367824
3 36 13.849074074074075
4 23 15.312318840579708
5 38 17.06973684210526
6 74 19.72072072072072
7 210 24.502539682539698
8 441 24.955139833711236
9 424 23.332114779874196
10 301 23.9595238095238
11 277 22.981046931407953
12 365 21.286027397260273
13 397 21.061544920235125
14 351 21.762535612535622
15 327 24.078287461773705
16 340 24.92102941176472
17 398 24.434254606365148
18 545 25.61611620795103
19 569 24.559900410076153
20 530 23.70364779874216
21 444 21.29609609609609
22 414 21.26815619967796
23 355 21.728169014084504
0 294 21.886224489795897
1 120 20.123750000000005
2 70 18.770714285714288
3 35 19.15333333333333
4 17 16.180392156862748
5 45 18.424444444444447
6 103 21.057928802588993
7 226 26.12846607669617
8 511 25.88884540117418
9 491 24.344093686354377
10 348 23.258429118773947
11 288 23.030439814814812
12 432 23.102353395061712
13 445 21.917228464419466
14 471 23.41153573956121
15 425 24.655882352941173
16 414 24.444887278582915
17 448 26.45442708333335
18 489 26.624846625766885
19 520 26.191698717948753
20 534 23.918664169787743
21 466 22.42657367668096
22 388 21.809750859106522
23 472 22.47634180790963
0 418 23.355023923444975
1 266 22.54786967418546
2 169 21.954437869822492
3 110 17.71227272727273
4 94 19.994503546099295
5 52 18.537820512820517
6 53 19.805974842767295
7 93 22.44856630824372
8 187 23.452673796791426
9 214 23.87001557632398
10 256 23.95351562499999
11 271 23.0319188191882
12 360 23.502453703703704
13 338 22.272731755424076
14 330 21.678636363636365
15 358 22.580586592178754
16 299 21.477313266443716
17 131 33.60788804071248
18 403 19.459057071960306
19 498 24.7619812583668
20 585 25.05877492877491
21 437 23.369755911517906
22 332 22.18438755020081
23 417 24.028896882494013
0 423 24.69791174152872
1 302 23.232339955849884
2 175 21.703047619047638
3 110 21.9319696969697
4 77 18.83701298701299
5 63 18.924338624338624
6 33 20.270707070707072
7 55 21.78242424242424
8 89 20.99887640449439
9 119 21.30168067226891
10 168 20.81339285714284
11 226 21.375147492625363
12 303 23.116446644664464
13 302 21.044205298013242
14 266 20.87149122807017
15 290 22.263505747126427
16 320 23.562604166666674
17 332 23.234086345381524
18 351 24.4641975308642
19 353 24.08668555240792
20 336 22.1497023809524
21 262 20.99535623409669
22 278 20.882613908872898
23 211 22.877804107424968
0 123 20.57506775067751
1 55 19.9690909090909
2 25 17.547333333333334
3 15 17.441111111111113
4 23 16.62753623188406
5 52 20.112500000000004
6 94 20.48652482269505
7 185 25.63666666666665
8 335 26.042686567164193
9 344 22.90164728682172
10 244 21.970491803278694
11 284 21.335387323943653
12 291 21.742382588774326
13 292 20.44434931506851
14 295 21.776553672316368
15 264 23.771148989898975
16 306 24.396296296296285
17 340 23.847647058823522
18 439 24.155315110098698
19 461 25.14808387563269
20 397 22.163853904282107
21 328 19.955691056910567
22 271 19.834563345633452
23 248 21.079502688172052
0 155 21.323440860215054
1 87 19.370306513409957
2 47 21.372340425531917
3 19 18.23070175438596
4 22 19.523484848484852
5 35 19.46571428571428
6 80 19.23770833333333
7 191 24.617975567190225
8 397 25.006213266162884
9 376 23.72557624113474
10 274 22.751885644768862
11 235 23.237659574468086
12 325 22.180564102564084
13 299 22.160479375696774
14 354 22.529849340866285
15 305 22.557322404371593
16 341 23.88255131964809
17 380 23.75671052631579
18 513 24.765562053281325
19 542 27.512976629766293
20 571 25.32591943957969
21 444 21.649061561561556
22 445 21.380449438202234
23 405 23.69765432098767
0 264 22.804987373737372
1 131 19.455597964376583
2 76 17.29254385964912
3 38 21.53947368421053
4 46 18.017753623188405
5 37 17.409909909909913
6 105 19.58031746031746
7 205 25.31991869918699
8 433 25.91089299461124
9 396 23.940446127946103
10 284 23.60575117370891
11 269 22.201858736059492
12 321 23.043198338525443
13 363 21.88025711662075
14 362 22.43324125230203
15 307 22.34049945711183
16 294 23.327947845804992
17 321 23.613603322949118
18 465 26.90792114695343
19 445 21.937116104868906
20 518 22.820205920205925
21 385 21.784502164502165
22 455 22.51479853479852
23 407 22.92743652743652
0 212 20.497012578616356
1 119 20.397478991596643
2 69 19.693478260869565
3 20 18.811666666666667
4 23 18.269565217391303
5 34 18.855882352941176
6 65 20.03307692307692
7 210 24.689523809523802
8 398 28.707872696817404
9 377 23.17877984084879
10 284 23.563204225352095
11 266 24.16672932330827
12 370 21.877477477477473
13 340 22.478186274509792
14 392 23.26373299319728
15 377 23.18258178603004
16 361 24.28771929824561
17 417 24.4962829736211
18 481 26.77453222453221
19 487 27.17121834360027
20 531 24.105241682360326
21 398 22.570896147403673
22 368 21.46431159420289
23 340 24.106323529411796
0 215 23.276434108527123
1 134 21.094527363184078
2 63 19.117724867724863
3 37 19.98738738738739
4 50 20.370666666666672
5 39 20.40128205128205
6 98 19.89081632653061
7 197 24.9806260575296
8 326 26.317842535787317
9 362 23.315791896869257
10 319 25.014158829676088
11 286 23.59358974358974
12 362 24.278314917127084
13 375 22.765599999999996
14 384 23.940494791666655
15 363 24.159136822773174
16 318 24.67573375262055
17 354 25.27744821092279
18 377 26.13306808134396
19 456 27.032127192982458
20 476 25.532983193277314
21 469 22.342501776830165
22 436 23.379701834862374
23 425 23.645137254901968
0 387 23.99702842377264
1 272 21.64044117647059
2 187 20.891711229946527
3 139 21.239928057553957
4 119 21.68067226890756
5 73 21.24063926940639
6 59 20.5638418079096
7 79 24.84388185654008
8 163 22.68680981595092
9 194 25.724570446735406
10 262 23.639503816793887
11 293 23.737201365187715
12 135 19.01358024691357
