11 21 44.57698412698413
12 42 42.18373015873016
13 44 46.30719696969697
14 55 46.099999999999994
15 86 44.56395348837211
16 104 40.312339743589746
17 110 35.88727272727272
18 91 33.13406593406593
19 84 29.423412698412697
20 65 27.11589743589743
21 57 22.70029239766082
22 40 27.50124999999999
23 23 29.388405797101452
0 10 18.351666666666667
1 10 24.655
2 1 8.5
3 8 25.95625
4 14 23.255952380952383
5 38 32.127631578947366
6 54 45.45555555555555
7 98 40.12772108843538
8 53 44.62106918238993
9 50 39.91166666666666
10 58 46.88247126436781
11 57 39.028070175438586
12 54 41.3138888888889
13 62 49.68091397849462
14 53 44.975471698113196
15 77 46.15086580086581
16 133 42.17781954887218
17 113 36.74896755162241
18 99 37.97171717171717
19 68 35.39975490196078
20 50 27.854333333333333
21 51 27.509150326797386
22 40 21.53125
23 23 25.5
0 7 21.38809523809524
1 9 20.85925925925926
2 4 74.05416666666667
3 3 30.333333333333332
4 11 32.057575757575755
5 37 30.096396396396393
6 67 40.07213930348258
7 97 36.958419243986256
8 72 36.1375
9 54 44.0395061728395
10 65 36.71923076923077
11 61 40.16502732240437
12 54 44.64938271604939
13 37 34.79504504504505
14 72 41.225925925925935
15 58 56.415517241379305
16 73 43.862328767123294
17 74 41.785810810810815
18 45 37.5774074074074
19 48 33.707986111111104
20 39 25.9025641025641
21 36 27.64166666666667
22 19 26.985087719298242
23 17 34.00098039215686
0 11 26.45
1 13 16.524358974358975
2 5 27.560000000000002
3 8 35.37291666666667
4 17 24.900000000000002
5 29 41.951149425287355
6 60 36.62777777777777
7 74 37.98130630630631
8 72 35.687731481481485
9 51 52.245098039215684
10 58 40.72471264367816
11 59 46.258192090395475
12 65 46.353846153846156
13 68 47.9014705882353
14 74 42.20247747747747
15 100 46.33266666666669
16 139 40.13309352517986
17 119 36.338235294117645
18 119 35.35084033613446
19 80 38.47166666666667
20 55 27.40939393939394
21 32 37.210416666666674
22 35 33.58857142857142
23 22 25.547727272727276
0 15 34.738888888888894
1 27 36.23086419753086
2 10 37.62166666666666
3 2 43.108333333333334
5 10 36.68833333333333
6 14 34.760714285714286
7 30 37.2
8 23 39.15072463768116
9 47 50.79964539007093
10 57 50.9593567251462
11 55 53.747272727272744
12 58 48.49310344827586
13 64 45.05286458333333
14 59 44.119491525423726
15 70 43.806428571428576
16 70 39.405952380952385
17 74 37.817342342342336
18 70 33.35690476190478
19 44 34.382954545454545
20 43 37.17519379844962
21 33 35.595454545454544
22 32 38.20625
23 38 27.071052631578954
0 11 22.775757575757577
1 10 23.876666666666665
2 10 20.03833333333333
3 5 40.21
4 3 23.67222222222222
5 16 43.0875
6 17 38.26372549019608
7 29 47.409195402298856
8 36 50.345370370370375
9 38 51.67763157894738
10 59 42.60734463276837
11 58 55.825862068965534
12 64 52.107812500000016
13 63 49.43968253968255
14 56 54.99613095238096
15 54 43.925
16 66 41.33434343434343
17 50 38.031333333333336
18 47 33.37765957446809
19 46 38.75072463768117
20 39 33.7508547008547
21 31 37.43709677419354
22 22 22.236363636363635
23 12 30.883333333333336
0 6 27.994444444444444
1 5 30.57666666666667
2 2 33.983333333333334
3 8 27.27916666666667
4 14 31.594047619047622
5 35 43.567619047619054
6 58 41.586494252873564
7 68 39.70539215686274
8 57 42.212865497076024
9 37 45.12297297297298
10 44 40.99772727272728
11 55 45.29333333333334
12 52 42
13 42 52.92976190476191
14 65 48.27897435897436
15 73 40.25867579908676
16 101 48.80660066006601
17 97 43.12749140893471
18 71 36.69741784037559
19 54 37.66851851851852
20 47 31.698581560283685
21 41 32.59756097560975
22 29 34.266666666666666
23 17 25.70294117647059
0 9 30.770370370370372
1 4 52.09166666666667
2 7 47.652380952380945
3 13 35.82179487179487
4 17 33.97549019607843
5 30 46.84166666666667
6 54 38.57283950617284
7 72 42.956481481481475
8 60 38.16444444444444
9 50 41.522
10 40 45.826666666666675
11 46 38.79927536231884
12 56 44.57946428571429
13 41 50.78821138211382
14 63 50.95317460317462
15 79 49.24535864978905
16 92 38.65652173913044
17 110 45.325303030303026
18 71 41.5488262910798
19 59 32.75197740112995
20 55 34.82666666666666
21 42 31.55476190476191
22 33 30.757070707070703
23 17 34.199019607843134
0 15 30.135555555555552
1 10 42.80166666666666
2 3 32.050000000000004
3 5 30.03666666666667
4 11 24.783333333333335
5 27 35.18395061728395
6 58 41.478735632183906
7 82 47.13272357723578
8 64 37.36744791666667
9 61 48.75983606557378
10 54 54.565740740740736
11 53 46.04308176100628
12 47 51.320921985815595
13 51 51.88039215686275
14 55 46.76969696969697
15 85 50.81411764705882
16 76 46.70394736842106
17 93 40.434408602150526
18 92 33.59311594202899
19 51 32.229084967320254
20 49 27.86530612244897
21 45 31.01259259259259
22 21 27.18095238095238
23 16 35.096875
0 11 22.807575757575755
1 3 19.055555555555554
2 2 24.391666666666666
3 3 34.17777777777778
4 12 25.179166666666664
5 16 33.38229166666667
6 38 43.03684210526317
7 70 39.00571428571429
8 51 43.02026143790849
9 52 51.18685897435898
10 43 61.70232558139536
11 55 62.87424242424243
12 56 44.790476190476205
13 69 51.69710144927536
14 67 40.058706467661686
15 86 48.274612403100775
16 79 51.99050632911391
17 93 46.700896057347684
18 78 36.36367521367521
19 41 38.322764227642274
20 54 31.520987654320987
21 38 24.703508771929826
22 39 27.47478632478632
23 11 26.143939393939398
0 13 25.66794871794872
1 11 34.00151515151515
2 8 28.47291666666667
3 6 28.5
4 11 22.30757575757576
5 18 34.60648148148148
6 37 42.67342342342342
7 72 38.682175925925925
8 68 48.956862745098036
9 53 49.49245283018869
10 56 58.59999999999999
11 66 57.65479797979799
12 70 56.34785714285714
13 71 53.836854460093896
14 77 50.803896103896086
15 78 50.82371794871795
16 79 46.50970464135021
17 64 36.04947916666667
18 65 38.67923076923076
19 59 42.88333333333333
20 45 36.938148148148144
21 34 30.413725490196075
22 37 26.203603603603604
23 21 31.43492063492064
0 10 22.713333333333335
1 11 22.422727272727276
2 6 30.905555555555555
3 2 12.083333333333332
4 6 27.26111111111111
5 15 57.29444444444445
6 16 43.95
7 39 45.21495726495726
8 39 42.86623931623931
9 53 55.9264150943396
10 46 60.310869565217374
11 40 51.88958333333333
12 52 58.01666666666666
13 40 53.7025
14 34 53.12156862745097
15 35 55.755238095238084
16 25 44.16733333333334
17 17 40.345098039215685
18 10 40.82666666666667
19 7 62.98809523809524
20 11 40.18030303030303
21 13 38.815384615384616
22 12 28.76805555555556
23 9 29.08888888888889
0 9 20.755555555555556
1 4 25.525
2 3 22.994444444444444
3 5 32.589999999999996
4 4 25.520833333333336
5 4 22.958333333333332
6 6 45.87777777777777
7 9 35.16851851851852
8 14 23.99404761904762
9 15 49.10222222222222
10 18 62.24444444444445
11 16 33.92916666666667
12 12 33.31527777777778
13 17 47.64411764705883
14 22 36.50681818181818
15 16 50.225
16 13 45.52820512820513
17 11 33.01212121212121
18 20 43.77
19 11 43.45909090909091
20 16 42.688541666666666
21 14 27.097619047619045
22 12 29.805555555555554
23 9 37.898148148148145
0 6 44.03055555555556
1 5 20.053333333333335
2 1 34.333333333333336
3 3 50.73333333333333
4 12 22.30416666666667
5 14 35.88333333333334
6 15 28.405555555555555
7 17 38.66960784313726
8 25 35.639333333333326
9 25 44.56133333333333
10 39 48.87435897435896
11 29 49.945402298850574
12 40 44.101666666666674
13 39 41.32777777777779
14 33 41.67676767676768
15 43 48.82635658914729
16 44 35.21666666666666
17 50 31.824333333333335
18 34 32.02549019607844
19 34 24.77009803921569
20 32 27.565104166666668
21 32 30.856249999999996
22 26 24.83141025641026
23 11 27.66060606060606
0 5 31.766666666666662
1 9 15.262962962962964
2 5 34.28
3 7 23.561904761904763
4 11 31.61818181818182
5 14 22.523809523809526
6 32 46.71302083333333
7 23 35.13333333333333
8 40 37.967499999999994
9 45 53.03370370370371
10 52 51.54807692307691
11 51 39.47254901960784
12 73 40.765068493150686
13 61 39.460382513661195
14 68 39.769852941176474
15 60 39.319722222222225
16 55 34.88484848484848
17 59 33.44209039548022
18 63 29.730952380952388
19 32 27.4875
20 31 29.26935483870968
21 43 22.310852713178296
22 31 32.8005376344086
23 19 26.474561403508773
0 14 12.025
1 10 13.11833333333333
2 7 35.93095238095238
3 5 34.026666666666664
4 9 25.657407407407405
5 11 16.253030303030304
6 26 40.01794871794872
7 50 45.17166666666668
8 49 37.98367346938776
9 47 39.386879432624106
10 55 52.71151515151516
11 49 43.005102040816325
12 48 47.20312499999999
13 51 45.19444444444444
14 50 45.87233333333334
15 75 43.138444444444445
16 67 39.967661691542276
17 69 37.32391304347826
18 47 25.768085106382976
19 52 30.191346153846148
20 33 27.325757575757578
21 41 27.976422764227646
22 24 27.86180555555556
23 24 23.250694444444445
0 12 32.35138888888889
1 7 21.507142857142856
2 2 19.891666666666666
3 5 15.433333333333334
4 8 22.5
5 18 45.16111111111112
6 26 43.55769230769231
7 34 37.824019607843134
8 34 39.460294117647045
9 36 35.98009259259259
10 62 46.44596774193549
11 54 40.05061728395062
12 54 43.25555555555557
13 46 48.02717391304348
14 52 40.00096153846154
15 74 41.830855855855845
16 79 27.516455696202534
17 105 28.241746031746025
18 64 39.37786458333334
19 52 30.06698717948717
20 57 23.59181286549708
21 38 19.785087719298243
22 44 26.455303030303035
23 21 20.596825396825395
0 15 27.121111111111116
1 13 27.69871794871795
2 8 35.547916666666666
3 6 22.572222222222223
4 8 36.537499999999994
5 17 52.88725490196078
6 29 39.1080459770115
7 43 33.24728682170542
8 51 40.141176470588235
9 44 47.50757575757576
10 51 44.81503267973857
11 61 46.2016393442623
12 65 51.59615384615385
13 56 52.329761904761895
14 63 53.1957671957672
15 79 40.063502109704636
16 83 37.752208835341364
17 66 34.30833333333333
18 66 38.74747474747475
19 35 39.08761904761905
20 41 28.619918699186993
21 34 30.501960784313724
22 31 26.94731182795699
23 20 30.761666666666667
0 15 35.08555555555555
1 5 22.326666666666664
2 9 26.337037037037035
3 3 81.55
4 7 26.27142857142857
5 11 53.368181818181824
6 14 33
7 34 35.32058823529411
8 50 41.379000000000005
9 48 43.673263888888876
10 72 47.16203703703704
11 64 49.67552083333334
12 78 50.33782051282051
13 69 48.09178743961352
14 79 37.45675105485232
15 70 40.67785714285716
16 63 39.046560846560844
17 79 40.875105485232076
18 81 34.49362139917696
19 67 33.66243781094528
20 39 32.659401709401706
21 34 27.590196078431372
22 23 34.462318840579705
23 36 27.226388888888888
0 39 26.44145299145299
1 30 27.683888888888887
2 9 33.135185185185186
3 5 30.616666666666667
4 8 43.12916666666666
5 9 24.029629629629632
6 11 35.78636363636363
7 16 33.38125
8 19 29.28771929824561
9 26 41.771153846153844
10 36 30.29398148148148
11 40 42.59708333333333
12 49 39.89727891156463
13 46 36.371739130434776
14 45 32.88148148148148
15 40 32.19666666666666
16 50 32.17033333333333
17 41 29.25040650406504
18 42 28.16785714285714
19 30 34.06333333333334
20 24 32.94375
21 14 27.670238095238094
22 12 25.72916666666666
23 16 14.445833333333335
0 11 17.85757575757576
1 4 10.766666666666667
2 2 27.491666666666667
3 8 57.837500000000006
4 6 28.616666666666664
5 15 32.11888888888889
6 22 55.0128787878788
7 37 39.10450450450451
8 40 38.94125
9 57 44.707894736842114
10 50 37.981666666666676
11 51 49.86503267973856
12 66 47.42702020202019
13 77 51.14415584415585
14 61 45.15218579234971
15 69 45.57560386473429
16 81 31.92572016460905
17 63 29.96058201058201
18 48 31.639236111111117
19 41 36.31788617886179
20 36 22.315277777777773
21 32 22.5484375
22 28 35.15357142857143
23 17 23.13823529411765
0 7 8.978571428571428
1 8 15.035416666666666
2 7 17.314285714285713
3 9 41.21851851851852
4 8 21.18958333333333
5 26 41.992948717948714
6 37 46.53693693693694
7 63 34.63253968253969
8 52 41.47051282051282
9 52 43.06794871794871
10 47 43.528014184397165
11 43 59.310077519379824
12 52 45.988141025641035
13 52 38.93910256410257
14 46 38.41159420289855
15 75 40.966
16 103 37.65970873786407
17 94 34.847872340425525
18 67 28.668407960199005
19 57 32.431871345029236
20 42 34.25357142857143
21 38 29.637719298245614
22 31 30.972043010752692
23 12 15.015277777777778
0 11 24.09090909090909
1 5 14.803333333333331
2 6 20.669444444444448
3 11 19.96818181818182
4 11 28.10757575757576
5 26 37.357692307692304
6 37 35.504054054054066
7 64 34.78958333333333
8 47 32.04397163120567
9 45 36.62444444444444
10 49 33.41836734693877
11 47 37.17446808510638
12 53 41.27924528301886
13 44 35.49583333333333
14 48 41.78229166666667
15 64 42.76822916666666
16 87 37.394444444444446
17 86 36.358720930232565
18 60 35.84194444444445
19 55 34.7590909090909
20 47 33.39361702127659
21 37 23.240990990990987
22 30 37.54666666666666
23 15 25.142222222222223
0 5 39.88666666666667
1 4 15.029166666666667
2 8 16.1375
3 6 22.380555555555556
4 7 16.288095238095238
5 33 37.74141414141413
6 54 36.98672839506172
7 80 34.396041666666655
8 70 33.90642857142856
9 48 37.15659722222222
10 51 44.09248366013072
11 62 41.472311827956986
12 46 52.08260869565217
13 41 46.88414634146342
14 54 39.54753086419755
15 61 38.85245901639345
16 91 39.16190476190476
17 96 32.93420138888891
18 77 35.1538961038961
19 58 26.139942528735627
20 41 28.963008130081295
21 39 27.79871794871795
22 31 25.669892473118278
23 15 21.88444444444444
0 11 30.58030303030303
1 6 27.36111111111111
2 1 17.2
3 2 25.475
4 11 27.113636363636363
5 31 46.212365591397855
6 45 33.39888888888889
7 63 30.673015873015874
8 63 35.86137566137566
9 59 39.562711864406786
10 57 31.352046783625738
11 47 37.432624113475185
12 45 46.33518518518518
13 54 47.667592592592605
14 40 32.45125
15 77 37.79004329004329
16 119 43.839915966386556
17 102 37.91160130718955
18 99 36.14814814814815
19 68 27.347794117647055
20 56 26.66964285714285
21 39 28.24273504273504
22 31 32.82043010752688
23 31 20.93978494623656
0 14 20.16309523809524
1 11 25.11818181818182
2 7 21.057142857142857
3 4 39.2625
4 7 34.528571428571425
5 23 25.621014492753623
6 21 29.27619047619048
7 52 45.39230769230768
8 57 42.899707602339184
9 58 49.44597701149425
10 62 45.588440860215066
11 79 45.11540084388187
12 64 47.14817708333333
13 70 44.13809523809523
14 57 39.8985380116959
15 75 43.535111111111114
16 70 39.883809523809525
17 72 37.32013888888889
18 77 33.915800865800854
19 44 28.882196969696967
20 39 24.74358974358975
21 53 26.640566037735844
22 33 23.449999999999996
23 20 30.37916666666667
0 16 33.71145833333333
1 14 24.410714285714285
2 6 27.70277777777778
3 3 46.62222222222223
4 7 20.345238095238095
5 15 30.693333333333335
6 20 30.15166666666667
7 28 34.8125
8 54 36.4966049382716
9 50 27.243999999999996
10 65 45.12794871794872
11 63 51.25767195767195
12 65 47.1571794871795
13 67 42.0139303482587
14 62 44.383870967741935
15 76 44.65723684210526
16 97 31.44192439862543
17 81 29.626543209876544
18 61 28.054371584699446
19 54 25.98086419753087
20 43 20.974418604651163
21 29 31.89425287356321
22 23 21.42753623188406
23 13 18.158974358974362
0 9 28.337037037037035
1 4 39.891666666666666
2 3 51.97222222222223
3 7 21.704761904761902
4 24 31.21875
5 33 38.58686868686869
6 55 43.87545454545454
7 77 37.09090909090909
8 44 32.74886363636363
9 41 43.61829268292683
10 47 41.332978723404246
11 51 44.60228758169935
12 37 30.94234234234234
13 49 41.32721088435373
14 44 39.69621212121212
15 48 34.11354166666667
16 97 39.88178694158076
17 90 31.79314814814814
18 72 31.143749999999997
19 58 32.0183908045977
20 47 22.564539007092197
21 31 31.597311827956993
22 27 32.212345679012344
23 8 18.895833333333332
0 6 16.727777777777774
1 5 29.913333333333334
2 3 24.38888888888889
3 7 50.08095238095238
4 17 60.430392156862744
5 26 34.43333333333333
6 39 40.30384615384616
7 63 40.56322751322751
8 40 51.56833333333334
9 41 32.939430894308934
10 33 39.90959595959596
11 31 48.563440860215046
12 35 37.635714285714286
13 45 44.507777777777775
14 40 32.38708333333334
15 66 37.27550505050506
16 110 33.80621212121213
17 84 37.604365079365074
18 84 33.83392857142858
19 56 28.108035714285716
20 42 20.988095238095234
21 45 28.80740740740741
22 24 23.041666666666668
23 18 30.744444444444444
0 12 15.022222222222224
1 9 25.12222222222222
2 6 18.775
3 4 34.62083333333333
4 16 30.539583333333333
5 29 42.826436781609196
6 48 39.17083333333334
7 79 37.59852320675106
8 55 34.78363636363637
9 38 47.96184210526315
10 41 37.71382113821139
11 55 37.1409090909091
12 43 37.14806201550388
13 42 40.37777777777777
14 47 41.50780141843972
15 72 39.16898148148147
16 108 36.75324074074073
17 107 33.9057632398754
18 82 34.30365853658537
19 59 32.58418079096044
20 49 22.911224489795917
21 44 28.94356060606061
22 35 25.344761904761903
23 19 25.462280701754388
0 8 31.510416666666668
1 7 15.407142857142858
2 5 8.626666666666667
3 6 24.00555555555555
4 21 28.1452380952381
5 34 29.49166666666666
6 53 35.39685534591195
7 83 34.692369477911654
8 59 35.55677966101694
9 41 34.193902439024384
10 50 42.46799999999999
11 47 39.19468085106383
12 42 33.80793650793651
13 49 44.20204081632652
14 57 37.79941520467836
15 88 37.058712121212125
16 118 38.01864406779659
17 85 33.386862745098036
18 84 31.447420634920626
19 65 29.975384615384616
20 55 27.86121212121212
21 43 23.877906976744192
22 27 28.59074074074074
23 20 23.651666666666664
0 7 18.86190476190476
1 8 51.53958333333333
2 1 37.13333333333333
3 6 27.894444444444442
4 13 26.166666666666664
5 37 34.87567567567568
6 74 36.55900900900901
7 87 35.21091954022988
8 76 36.7405701754386
9 57 37.546491228070174
10 59 42.5997175141243
11 51 41.03464052287582
12 60 46.777777777777786
13 60 36.7225
14 65 33.80564102564103
15 92 46.199456521739144
16 122 37.19685792349726
17 86 34.221705426356586
18 93 32.83691756272402
19 83 31.157228915662657
20 51 29.766666666666673
21 52 32.7798076923077
22 52 29.588461538461537
23 21 21.50555555555556
0 22 28.423484848484847
1 18 21.947222222222226
2 4 25.666666666666668
3 7 30.76904761904762
4 9 19.288888888888888
5 21 35.1531746031746
6 33 38.18282828282828
7 56 36.35892857142858
8 62 39.5497311827957
9 89 42.20112359550562
10 83 36.951606425702806
11 84 41.65813492063491
12 85 52.043333333333344
13 82 40.189024390243894
14 73 41.31826484018264
15 76 41.63421052631579
16 77 39.867532467532456
17 84 37.22103174603175
18 87 38.923371647509576
19 67 31.071393034825878
20 71 28.020187793427226
21 41 25.04430894308943
22 50 29.560333333333332
23 31 24.822580645161292
0 24 29.998611111111114
1 29 22.669540229885055
2 13 24.934615384615388
3 1 17.616666666666667
4 9 20.177777777777777
5 20 26.745833333333337
6 18 29.54629629629629
7 38 35.26228070175438
8 45 37.41111111111111
9 56 40.73482142857142
10 66 41.02424242424243
11 71 42.98474178403756
12 68 46.615441176470604
13 62 48.196236559139784
14 74 46.90090090090091
15 77 47.23614718614718
16 94 38.89148936170214
17 72 29.870138888888885
18 72 33.33587962962962
19 39 28.38931623931624
20 44 22.01931818181818
21 37 24.880180180180183
22 34 19.312745098039215
23 20 19.315
0 6 15.380555555555555
1 11 25.4
2 5 6.826666666666666
3 5 51.633333333333326
4 12 27.00833333333333
5 28 28.97678571428571
6 55 41.957878787878784
7 51 46.92679738562091
8 74 31.426801801801798
9 37 43.796846846846854
10 50 44.538999999999994
11 53 35.4566037735849
12 50 41.684
13 49 44.59115646258505
14 38 35.75614035087719
15 80 37.562083333333334
16 96 34.10381944444444
17 123 32.08482384823848
18 90 31.476481481481486
19 69 31.60772946859903
20 47 25.790425531914895
21 49 23.889795918367344
22 25 26.04466666666666
23 11 30.09242424242424
0 12 25.77916666666667
1 9 21.29074074074074
2 2 18.541666666666664
3 8 36.19583333333333
4 9 32.22592592592592
5 25 36.239333333333335
6 62 34.015591397849455
7 85 37.02705882352942
8 78 37.08440170940172
9 46 37.76920289855072
10 44 36.67689393939394
11 64 30.824739583333336
12 50 35.70066666666666
13 48 42.06041666666666
14 59 35.25423728813559
15 73 45.24132420091324
16 104 34.6213141025641
17 98 32.31241496598639
18 73 28.339041095890416
19 64 28.1421875
20 64 32.04557291666667
21 38 34.03640350877193
22 20 23.945833333333333
23 12 12.034722222222221
0 6 10.230555555555556
1 5 10.113333333333333
2 6 13.547222222222222
3 9 40.318518518518516
4 11 17.545454545454547
5 29 31.627586206896545
6 58 36.83275862068966
7 61 37.730054644808746
8 66 35.00757575757575
9 45 38.60407407407408
10 40 35.71541666666668
11 42 39.042460317460325
12 42 31.913888888888884
13 45 43.39037037037037
14 48 35.91736111111111
15 75 42.104
16 110 39.29106060606062
17 85 39.789411764705875
18 83 36.14176706827308
19 63 33.071693121693116
20 71 26.395070422535216
21 52 27.799038461538466
22 36 26.26342592592593
23 16 26.886458333333334
0 8 12.552083333333332
1 9 25.590740740740742
2 9 14.31851851851852
3 5 52.77
4 10 24.81666666666667
5 41 28.76707317073171
6 62 38.45322580645162
7 80 37.796874999999986
8 59 39.73898305084745
9 60 37.558055555555555
10 46 38.85
11 60 41.850555555555566
12 59 45.221468926553676
13 51 36.87843137254902
14 65 42.596410256410266
15 80 39.97625000000001
16 96 35.58506944444444
17 108 34.09753086419752
18 92 32.26231884057971
19 75 30.957333333333334
20 67 27.31393034825871
21 61 27.854098360655733
22 37 27.73108108108108
23 15 20.65111111111111
0 13 16.524358974358975
1 9 29.977777777777778
2 3 24.822222222222223
3 9 31.146296296296295
4 11 30.495454545454546
5 39 31.715384615384625
6 73 39.467123287671235
7 77 36.00411255411255
8 81 36.64382716049382
9 61 34.26448087431694
10 49 35.98095238095238
11 66 39.97070707070707
12 66 44.932575757575755
13 60 38.49694444444445
14 55 45.7130303030303
15 62 43.30430107526882
16 101 38.88382838283829
17 111 36.26096096096097
18 93 34.49336917562724
19 57 29.817543859649124
20 60 28.881666666666664
21 47 34.91879432624114
22 60 24.084722222222222
23 36 29.98981481481481
0 15 20.113333333333337
1 15 17.970000000000002
2 10 27.175
3 5 30.96
4 7 30.03333333333333
5 23 39.5463768115942
6 37 39.12117117117118
7 47 47.63297872340424
8 54 34.48734567901234
9 68 39.42524509803922
10 88 46.573674242424225
11 72 46.201157407407415
12 79 37.14367088607595
13 76 42.43552631578946
14 70 39.12547619047619
15 84 40.45238095238095
16 65 35.928717948717946
17 78 42.63290598290598
18 82 40.15731707317074
19 76 32.522149122807015
20 64 26.44427083333334
21 46 34.403623188405795
22 44 30.52840909090909
23 31 32.991397849462366
0 29 23.57528735632184
1 15 23.25777777777778
2 8 25.74791666666667
3 3 32.78333333333333
4 5 44.28333333333334
5 21 24.510317460317463
6 20 29.585
7 30 38.154444444444444
8 48 32.27465277777778
9 65 35.351282051282055
10 70 40.64357142857143
11 84 43.3922619047619
12 86 42.856782945736434
13 85 39.71921568627452
14 77 43.20519480519481
15 71 38.63239436619719
16 78 37.0482905982906
17 80 31.85
18 61 34.4
19 50 26.03166666666667
20 60 22.871666666666666
21 46 24.86521739130435
22 26 29.13205128205128
23 16 24.562500000000004
0 9 21.185185185185187
1 9 18.15
2 3 26.42222222222222
3 4 38.86666666666667
4 7 19.616666666666667
5 32 36.63854166666667
6 59 36.783050847457616
7 80 37.832499999999996
8 60 33.376111111111115
9 42 35.89563492063491
10 44 31.461742424242424
11 47 43.54113475177305
12 46 43.2786231884058
13 43 36.07790697674418
14 42 39.99563492063493
15 84 38.52440476190477
16 106 33.02279874213835
17 116 35.5543103448276
18 71 24.63685446009389
19 77 24.987662337662343
20 52 24.127884615384612
21 47 26.278368794326244
22 31 21.759139784946235
23 12 21.456944444444446
0 12 18.141666666666666
1 5 47.333333333333336
2 4 29.741666666666667
3 12 33.96944444444444
4 11 15.418181818181818
5 45 28.891481481481485
6 67 42.731592039801
7 79 36.109071729957805
8 60 41.27916666666667
9 46 31.41304347826087
10 48 42.62777777777777
11 52 41.642628205128204
12 55 36.30909090909091
13 57 45.70087719298246
14 45 39.24333333333333
15 68 42.53063725490196
16 99 35.53670033670033
17 110 34.513484848484836
18 72 32.102546296296296
19 71 32.07089201877934
20 58 24.478735632183916
21 42 31.674206349206347
22 23 29.98840579710145
23 22 20.587121212121215
0 13 18.676923076923075
1 4 34.66666666666667
2 3 16.622222222222224
3 11 25.74848484848485
4 6 17.96666666666667
5 29 35.974137931034484
6 60 40.0088888888889
7 78 37.037606837606845
8 67 39.34850746268657
9 57 42.8140350877193
10 47 38.20921985815603
11 37 48.87747747747749
12 40 37.51416666666667
13 45 38.070370370370384
14 41 37.924390243902444
15 68 44.219362745098046
16 87 39.90421455938697
17 100 37.309
18 85 33.88725490196078
19 58 34.256609195402305
20 54 25.200925925925926
21 45 27.99777777777778
22 42 28.0015873015873
23 17 20.784313725490193
0 7 40.95714285714286
1 8 22.116666666666664
2 3 19.477777777777778
3 15 18.666666666666668
4 12 28.244444444444444
5 37 41.72387387387387
6 66 42.26969696969697
7 77 40.042857142857144
8 80 31.628958333333337
9 58 34.73017241379311
10 56 33.71815476190476
11 46 41.70652173913043
12 65 40.87794871794871
13 53 31.043396226415094
14 60 46.43222222222223
15 79 43.77215189873418
16 105 39.00571428571428
17 122 32.84672131147542
18 104 36.774198717948714
19 75 28.384222222222228
20 73 29.458675799086766
21 57 29.250877192982458
22 42 20.734523809523818
23 31 17.527419354838706
0 6 13.72222222222222
1 10 34.361666666666665
2 1 6.733333333333333
3 7 18.538095238095234
4 11 17.91363636363636
5 37 39.80495495495495
6 61 35.84617486338797
7 90 34.24018518518518
8 77 35.88160173160173
9 66 37.77424242424244
10 59 46.475706214689275
11 61 37.639071038251366
12 57 41.172222222222224
13 42 39.84047619047618
14 62 43.841129032258074
15 81 40.82592592592593
16 123 36.71395663956639
17 101 35.61518151815182
18 83 38.094578313253
19 54 26.754012345679016
20 63 25.682275132275134
21 39 29.306410256410263
22 46 30.71485507246377
23 30 24.646666666666665
0 21 24.573015873015873
1 21 27.35238095238095
2 5 20.563333333333333
3 4 33.545833333333334
4 9 28.237037037037037
5 23 24.66811594202898
6 26 38.99230769230769
7 36 36.78009259259259
8 69 41.38140096618357
9 64 47.01354166666666
10 74 49.01779279279279
11 76 49.44714912280702
12 66 45.21186868686869
13 53 48.380817610062884
14 77 39.736796536796525
15 70 45.32595238095237
16 82 40.13556910569106
17 84 36.536507936507945
18 81 32.31172839506173
19 63 29.330423280423283
20 53 34.82704402515724
21 46 32.7391304347826
22 49 26.20408163265306
23 34 27.432843137254903
0 19 23.507017543859646
1 23 29.807971014492754
2 6 20.325
3 2 36.775
4 5 24.556666666666665
5 24 30.162499999999994
6 23 41.51521739130435
7 42 44.31785714285714
8 49 39.37380952380952
9 66 33.54469696969697
10 64 48.035677083333326
11 77 44.54199134199134
12 77 46.12943722943724
13 73 46.040182648401824
14 75 37.09444444444445
15 75 49.000888888888895
16 84 31.561904761904753
17 85 30.502549019607837
18 61 28.20846994535519
19 41 23.829674796747966
20 52 33.1625
21 37 30.755855855855856
22 37 22.927927927927925
23 22 20.095454545454544
0 9 15.718518518518515
1 7 18.664285714285715
2 6 11.986111111111112
3 6 53.083333333333336
4 14 23.198809523809523
5 35 31.365714285714283
6 58 40.948850574712644
7 88 34.07651515151514
8 59 35.2497175141243
9 47 34.01489361702128
10 33 43.0030303030303
11 38 45.27324561403509
12 45 37.26111111111111
13 43 40.20697674418604
14 44 37.85454545454545
15 69 41.26449275362318
16 110 36.73848484848484
17 102 33.49771241830065
18 92 31.8356884057971
19 62 32.34489247311828
20 68 25.78480392156862
21 44 25.358333333333338
22 29 27.36896551724138
23 15 23.834444444444443
0 7 11.423809523809524
1 5 23.953333333333337
2 3 5.572222222222222
3 8 26.183333333333334
4 14 34.34285714285715
5 35 37.22619047619048
6 61 40.200819672131146
7 85 33.52843137254902
8 62 38.18360215053763
9 52 37.7423076923077
10 53 40.56949685534591
11 40 39.730000000000004
12 61 43.35027322404372
13 39 40.647008547008554
14 44 37.41628787878787
15 58 34.27643678160919
16 130 39.757948717948715
17 87 43.84789272030651
18 69 34.35000000000001
19 51 30.6937908496732
20 54 36.441358024691354
21 50 26.956666666666663
22 25 28.67666666666667
23 12 26.85694444444444
0 5 23.973333333333336
1 9 17.833333333333332
2 8 23.895833333333336
3 11 22.469696969696972
4 17 37.61862745098039
5 31 33.024731182795705
6 46 45.31739130434784
7 79 35.53481012658229
8 64 36.983333333333334
9 38 37.98377192982456
10 45 34.807037037037034
11 56 40.55357142857143
12 45 42.430370370370376
13 39 46.27649572649573
14 56 36.21517857142858
15 63 36.41455026455026
16 105 43.36571428571429
17 140 37.956666666666656
18 83 38.92771084337349
19 69 29.128260869565214
20 54 25.041358024691355
21 42 24.665079365079368
22 25 26.70333333333333
23 12 27.897222222222222
0 8 18.377083333333335
1 4 10.845833333333333
2 4 28.333333333333332
3 13 25.307692307692314
4 14 32.56904761904762
5 33 34.91464646464646
6 66 37.32979797979797
7 90 41.5561111111111
8 71 31.096009389671366
9 46 47.52789855072465
10 50 38.571333333333335
11 44 40.353409090909096
12 47 45.211347517730495
13 52 45.29326923076923
14 56 36.11607142857144
15 78 39.12264957264958
16 107 38.25171339563864
17 129 33.49211886304909
18 101 35.54653465346535
19 83 32.537148594377506
20 68 29.215931372549022
21 56 27.914583333333333
22 44 27.508712121212117
23 26 23.06923076923077
0 9 17.849999999999998
1 9 39.47222222222222
2 2 29.074999999999996
3 9 20.65185185185185
4 17 19.064705882352943
5 39 36.35811965811965
6 58 34.72959770114942
7 89 36.8501872659176
8 68 45.22450980392157
9 56 41.7014880952381
10 70 43.728571428571435
11 46 42.2891304347826
12 44 39.46742424242424
13 61 42.599726775956285
14 58 33.16867816091954
15 98 42.75680272108842
16 102 38.6625816993464
17 116 35.31939655172415
18 101 33.902805280528064
19 80 26.649791666666665
20 51 29.86372549019608
21 50 27.85
22 51 26.283986928104575
23 29 27.157471264367814
0 14 21.49642857142857
1 11 23.95909090909091
2 8 22.606250000000003
3 5 38.1
4 9 35.91851851851852
5 15 28.253333333333337
6 23 33.82898550724638
7 56 38.69434523809524
8 70 40.395952380952366
9 70 44.645238095238085
10 87 45.98314176245212
11 85 47.63686274509806
12 66 48.99267676767678
13 72 51.66736111111112
14 75 44.702000000000005
15 67 46.380348258706476
16 86 33.095542635658916
17 94 34.82127659574468
18 76 31.218640350877187
19 69 35.84106280193237
20 52 30.230128205128207
21 51 25.442810457516337
22 50 25.732666666666663
23 31 31.28172043010753
0 20 18.261666666666667
1 7 20.08095238095238
2 6 22.38611111111111
3 6 22.441666666666666
4 8 26.885416666666668
5 19 27.950877192982453
6 35 38.50523809523809
7 27 35.20987654320988
8 49 41.74081632653061
9 62 37.5774193548387
10 74 46.46373873873874
11 60 45.66694444444444
12 71 39.60187793427231
13 78 45.929700854700855
14 83 37.5859437751004
15 78 38.10726495726495
16 99 35.12457912457913
17 77 39.07683982683983
18 47 27.434397163120575
19 41 26.385365853658534
20 43 26.7968992248062
21 74 25.868693693693693
22 34 20.097058823529412
23 19 27.07368421052632
0 5 36.41666666666667
1 5 35.03333333333333
2 3 34.544444444444444
3 8 20.816666666666666
4 14 29.782142857142862
5 22 43.56287878787878
6 58 35.890804597701155
7 94 30.97092198581561
8 71 35.310563380281685
9 40 41.65291666666668
10 54 37.504629629629626
11 51 39.56176470588235
12 49 44.95204081632653
13 33 46.0409090909091
14 47 36.37340425531916
15 67 36.52313432835822
16 102 38.36601307189542
17 111 34.78708708708709
18 97 33.08367697594501
19 73 33.55844748858446
20 57 28.75730994152046
21 52 25.050641025641024
22 30 31.263888888888882
23 14 20.753571428571426
0 9 23.285185185185185
1 10 25.101666666666667
2 7 11.373809523809523
3 7 13.48095238095238
4 13 27.01025641025641
5 27 34.349382716049384
6 63 39.346296296296295
7 96 35.425520833333344
8 79 32.78481012658228
9 53 39.61446540880503
10 58 34.33304597701149
11 51 41.39640522875817
12 42 40.80555555555556
13 44 33.713257575757574
14 68 33.32965686274509
15 82 37.97520325203251
16 106 37.38977987421385
17 96 35.23628472222221
18 63 37.40238095238095
19 45 29.478148148148147
20 41 28.326422764227644
21 41 24.922764227642276
22 26 29.110897435897435
23 23 21.560144927536232
0 11 19.283333333333335
1 10 15.051666666666668
2 5 13.319999999999999
3 11 24.354545454545452
4 12 21.86666666666667
5 39 31.430341880341885
6 53 41.687735849056594
7 83 40.52550200803213
8 54 34.836419753086425
9 56 40.0452380952381
10 61 37.01612021857924
11 36 46.46574074074074
12 44 42.03030303030304
13 50 45.44533333333334
14 40 39.88458333333333
15 58 36.443678160919546
16 117 36.051994301994306
17 82 33.03617886178862
18 101 36.99405940594059
19 56 33.32083333333333
20 60 28.050555555555558
21 49 26.446938775510205
22 40 22.3825
23 15 25.381111111111114
0 9 21.633333333333336
1 5 12.506666666666666
2 6 28.797222222222217
3 9 28.16296296296296
4 11 28.921212121212122
5 37 32.52567567567567
6 79 38.75611814345993
7 106 36.41320754716981
8 66 33.61363636363636
9 64 46.76171874999999
10 45 38.79555555555556
11 61 29.863661202185796
12 53 36.14874213836477
13 54 35.15061728395062
14 58 40.510057471264375
15 82 38.4689024390244
16 105 42.42682539682538
17 124 34.3409946236559
18 101 31.315181518151807
19 66 37.285353535353536
20 65 29.505384615384614
21 49 24.862585034013605
22 46 30.595289855072465
23 18 23.133333333333333
0 7 18.297619047619047
1 6 29.305555555555554
2 1 10.733333333333333
3 12 19.92916666666667
4 18 22.475925925925925
5 28 31.9047619047619
6 69 28.699516908212548
7 85 38.09686274509805
8 73 28.64041095890411
9 63 38.97698412698413
10 52 34.089423076923076
11 46 36.9695652173913
12 43 28.670155038759688
13 49 40.359183673469396
14 40 56.977083333333326
15 52 51.046474358974365
16 69 48.546135265700485
17 52 37.425000000000004
18 58 44.8580459770115
19 47 35.81524822695036
20 38 28.696491228070183
21 47 37.38581560283688
22 40 27.471250000000005
23 21 24.600793650793655
0 11 29.734848484848484
1 12 30.576388888888886
2 7 25.76666666666667
3 3 22.61111111111111
4 9 25.475925925925925
5 26 39.52179487179487
6 24 33.986805555555556
7 38 39.51973684210526
8 70 42.76476190476191
9 71 40.818779342723
10 75 50.40066666666665
11 101 43.69273927392739
12 69 49.14685990338163
13 86 41.53120155038761
14 65 44.50025641025642
15 90 37.75925925925926
16 92 37.163043478260875
17 80 36.658125000000005
18 67 29.306467661691535
19 55 35.31121212121212
20 46 29.30615942028985
21 47 30.632978723404257
22 43 27.21744186046512
23 30 24.87666666666667
0 28 23.93988095238095
1 20 19.07
2 12 29.68194444444444
3 6 20.822222222222223
4 6 19.936111111111114
5 18 42.25370370370371
6 26 39.80576923076923
7 16 33.20625
8 35 44.65857142857143
9 34 48.00882352941177
10 28 38.01369047619048
11 26 39.73589743589743
12 22 41.310606060606055
13 33 38.95353535353535
14 35 40.494761904761894
15 44 40.84128787878788
16 42 35.169841269841264
17 46 29.906521739130437
18 30 41.06277777777779
19 45 31.552222222222227
20 38 27.332017543859646
21 23 24.756521739130438
22 25 26.943333333333335
23 14 19.434523809523807
0 11 30.622727272727275
1 6 15.497222222222222
2 4 16.070833333333333
3 9 18.70555555555556
4 8 51.241666666666674
5 27 28.677160493827156
6 33 37.68787878787879
7 57 39.7125730994152
8 34 37.3686274509804
9 44 31.751136363636373
10 42 40.210317460317455
11 40 39.71291666666667
12 39 46.51666666666667
13 33 41.509595959595956
14 40 35.91458333333333
15 61 43.96530054644808
16 90 40.93703703703704
17 110 33.996969696969686
18 55 35.70484848484848
19 65 27.937948717948714
20 59 29.370338983050853
21 48 25.650000000000002
22 25 26.139999999999997
23 9 18.314814814814813
0 7 30.23095238095238
1 4 8.070833333333333
2 3 17.694444444444443
3 11 28.01212121212121
4 16 24.81041666666667
5 28 37.11309523809524
6 57 41.96023391812866
7 76 33.3140350877193
8 70 36.19785714285714
9 51 39.27614379084967
10 52 40.6448717948718
11 45 44.49074074074074
12 45 34.408888888888896
13 46 38.341304347826096
14 58 41.20143678160921
15 67 50.83482587064677
16 121 44.98650137741048
17 86 38.88449612403099
18 67 33.87189054726369
19 58 32.828735632183914
20 37 36.88333333333333
21 41 32.61666666666666
22 37 24.044144144144145
23 26 23.060897435897434
0 13 23.583333333333332
1 7 14.071428571428571
2 8 19.908333333333335
3 11 21.683333333333334
4 11 31.28939393939394
5 32 33.69166666666668
6 55 38.009393939393945
7 70 33.58261904761904
8 52 31.490384615384617
9 42 32.7765873015873
10 63 33.37142857142857
11 56 34.02202380952381
12 37 38.89054054054055
13 42 47.49087301587302
14 38 46.288157894736834
15 81 42.8576131687243
16 86 35.19844961240309
17 98 35.71819727891157
18 94 33.82358156028369
19 69 29.509178743961353
20 59 31.931920903954808
21 47 27.30283687943263
22 29 32.25747126436782
23 8 40.03333333333334
0 5 29.30666666666666
1 11 25.930303030303026
2 4 25.854166666666668
3 5 25.516666666666666
4 15 19.47222222222222
5 37 37.262612612612614
6 55 34.97939393939394
7 91 39.60457875457876
8 62 42.178763440860216
9 70 50.816428571428574
10 48 51.86284722222222
11 42 46.06547619047618
12 46 37.37826086956522
13 48 41.63645833333333
14 53 35.38647798742139
15 84 45.15753968253968
16 106 44.256132075471704
17 97 33.320274914089346
18 85 34.22176470588235
19 81 28.386625514403303
20 58 30.247126436781606
21 52 25.63910256410256
22 45 25.552962962962965
23 12 33.71666666666667
0 11 20.490909090909092
1 15 30.81888888888889
2 2 22.133333333333333
3 10 21.335
4 12 31.744444444444444
5 35 31.274285714285718
6 68 37.805392156862744
7 80 37.8175
8 62 34.84946236559139
9 54 39.961111111111116
10 50 35.63166666666667
11 61 36.55327868852459
12 39 37.477777777777774
13 58 41.52241379310346
14 55 44.68333333333335
15 83 36.81767068273093
16 78 36.928846153846145
17 110 36.49287878787879
18 102 35.42156862745098
19 53 33.17075471698113
20 55 33.69060606060607
21 40 34.97041666666667
22 25 26.48
23 35 27.22142857142857
0 15 29.677777777777774
1 14 29.696428571428573
2 5 26.423333333333336
3 2 13.841666666666669
4 8 31.166666666666668
5 20 41.232499999999995
6 23 44.99855072463768
7 42 43.96626984126984
8 56 38.339285714285715
9 60 42.3736111111111
10 76 42.62741228070175
11 66 49.00883838383839
12 57 44.6298245614035
13 47 42.43723404255318
14 54 46.499691358024684
15 62 38.38629032258064
16 60 40.70805555555556
17 74 40.367117117117125
18 55 37.42545454545455
19 42 35.86349206349207
20 38 37.5469298245614
21 33 34.59797979797979
22 34 23.11127450980392
23 20 41.86083333333333
0 16 22.134375000000002
1 15 19.168888888888887
2 8 26.268749999999997
3 1 32.05
4 6 27.11388888888889
5 20 25.955833333333334
6 28 23.31964285714286
7 29 40.84770114942528
8 48 44.50208333333333
9 58 37.726724137931036
10 58 42.53390804597702
11 64 45.24114583333335
12 55 45.85787878787879
13 68 59.20612745098041
14 55 39.47666666666667
15 61 43.10464480874316
16 64 39.78463541666665
17 61 31.408743169398903
18 67 28.17363184079602
19 46 31.596739130434788
20 38 30.809210526315784
21 38 27.38157894736842
22 36 28.577314814814812
23 31 35.708064516129035
0 13 22.684615384615384
1 7 19.902380952380952
2 6 30.844444444444445
3 8 20.03125
5 6 23.186111111111114
6 9 24.86111111111111
7 27 29.545061728395062
8 30 29.949999999999996
9 41 39.28048780487806
10 35 38.14142857142857
11 45 35.52703703703704
12 58 44.27672413793102
13 55 43.66151515151516
14 49 46.169047619047625
15 58 31.611781609195404
16 59 33.87401129943504
17 61 32.10710382513661
18 55 32.99939393939393
19 40 30.71958333333334
20 33 32.010606060606065
21 31 23.35
22 17 17.70294117647059
23 8 22.283333333333335
0 7 16.685714285714287
1 4 14.791666666666666
2 4 23.78333333333333
3 5 42.766666666666666
4 21 34.56825396825397
5 29 36.92183908045977
6 52 39.22564102564101
7 79 39.55632911392404
8 52 33.91378205128205
9 39 33.394017094017094
10 46 41.62282608695651
11 48 39.42569444444443
12 47 37.90460992907802
13 60 38.65083333333334
14 55 40.39545454545455
15 64 44.41015625
16 96 39.584027777777784
17 108 37.586419753086425
18 82 33.10569105691057
19 56 31.839880952380955
20 58 32.083045977011494
21 50 25.616333333333337
22 39 28.326923076923077
23 18 23.21851851851852
0 11 21.946969696969692
1 3 50.805555555555564
2 6 29.980555555555554
3 10 22.119999999999997
4 9 21.5962962962963
5 4 15.308333333333332

