1481648400 145 35.92666666666668
1481652000 428 33.05712616822431
1481655600 461 28.422053506869105
1481659200 353 25.025354107648713
1481662800 316 24.101160337552738
1481666400 282 27.58953900709221
1481670000 208 24.774759615384628
1481673600 114 21.732163742690062
1481677200 54 22.651543209876532
1481680800 15 19.271111111111114
1481684400 24 30.875694444444445
1481688000 29 18.94655172413793
1481691600 62 23.58521505376344
1481695200 174 32.25584291187741
1481698800 309 33.54983818770228
1481702400 367 30.259445958219782
1481706000 271 32.02330873308732
1481709600 271 35.25578105781059
1481713200 324 30.593106995884778
1481716800 319 28.63150470219435
1481720400 341 33.053030303030305
1481724000 321 34.17466251298026
1481727600 310 34.37881720430107
1481731200 341 33.944330400782
1481734800 420 33.9686111111111
1481738400 473 35.11113460183228
1481742000 487 31.56991786447642
1481745600 392 25.879506802721046
1481749200 337 23.708308605341255
1481752800 323 26.593343653250777
1481756400 268 24.95080845771145
1481760000 145 21.531839080459765
1481763600 73 21.175114155251144
1481767200 19 25.528947368421058
1481770800 23 18.82608695652174
1481774400 39 22.57350427350427
1481778000 70 21.59666666666667
1481781600 181 32.64585635359117
1481785200 348 32.859003831417645
1481788800 354 33.02956685499061
1481792400 229 37.72940320232898
1481796000 208 34.630208333333314
1481799600 320 29.289895833333343
1481803200 331 29.50422960725078
1481806800 347 31.675840537944275
1481810400 336 31.10352182539683
1481814000 353 34.52511803588291
1481817600 346 34.60794797687861
1481821200 443 35.4984198645598
1481824800 494 35.49892037786775
1481828400 519 32.14149004495828
1481832000 372 26.186827956989248
1481835600 334 24.676097804391215
1481839200 344 26.545736434108516
1481842800 279 27.844504181600954
1481846400 152 22.040899122807023
1481850000 88 21.67765151515152
1481853600 34 18.4328431372549
1481857200 24 15.263194444444444
1481860800 49 20.89285714285714
1481864400 70 28.745714285714282
1481868000 172 30.39534883720929
1481871600 341 34.73304007820136
1481875200 383 34.433159268929515
1481878800 288 34.378935185185185
1481882400 301 31.137430786268013
1481886000 357 29.139962651727362
1481889600 364 34.83681318681318
1481893200 365 34.827579908675816
1481896800 343 32.93896987366376
1481900400 356 37.74672284644197
1481904000 401 40.590523690773075
1481907600 480 42.433854166666706
1481911200 528 45.51553030303028
1481914800 516 38.37464470284244
1481918400 457 26.934974471188895
1481922000 363 28.5410927456382
1481925600 411 28.029643146796438
1481929200 416 28.969310897435893
1481932800 325 24.703487179487183
1481936400 208 24.386057692307695
1481940000 128 23.883333333333333
1481943600 88 26.521590909090914
1481947200 58 24.7221264367816
1481950800 47 28.66631205673759
1481954400 75 25.658222222222218
1481958000 155 26.336451612903222
1481961600 244 32.53852459016393
1481965200 298 32.9657158836689
1481968800 362 35.43669429097603
1481972400 374 33.9934046345811
1481976000 367 26.768891916439607
1481979600 344 31.600436046511643
1481983200 365 30.12835616438358
1481986800 347 31.592507204610946
1481990400 393 30.853731976251034
1481994000 397 30.307262804366104
1481997600 444 33.601201201201214
1482001200 520 33.12910256410255
1482004800 373 27.72024128686328
1482008400 283 24.9597762073027
1482012000 340 28.527058823529426
1482015600 347 30.201921229586937
1482019200 265 27.07754716981132
1482022800 184 22.782336956521743
1482026400 115 22.12333333333333
1482030000 88 23.291287878787877
1482033600 55 22.521212121212113
1482037200 33 25.11919191919192
1482040800 42 27.72063492063492
1482044400 97 24.677491408934713
1482048000 144 28.510763888888903
1482051600 188 29.668617021276596
1482055200 243 30.439917695473262
1482058800 325 29.428358974358947
1482062400 290 25.791091954022985
1482066000 285 27.339532163742707
1482069600 302 34.909878587196445
1482073200 285 49.549122807017504
1482076800 332 30.93172690763053
1482080400 370 35.66346846846846
1482084000 393 35.131128074639506
1482087600 321 25.976064382139146
1482091200 229 25.231295487627357
1482094800 202 24.719801980198028
1482098400 258 25.73242894056847
1482102000 169 23.367357001972398
1482105600 62 20.304301075268814
1482109200 23 16.500000000000004
1482112800 10 25.28666666666667
1482116400 21 36.053174603174604
1482120000 54 24.875617283950607
1482123600 54 23.37376543209877
1482127200 149 31.129865771812096
1482130800 335 35.430099502487565
1482134400 324 29.005967078189283
1482138000 279 32.106451612903214
1482141600 258 30.37506459948319
1482145200 311 30.24935691318327
1482148800 317 34.259884332281814
1482152400 335 30.70024875621892
1482156000 300 37.43733333333334
1482159600 293 39.54647326507397
1482163200 354 37.16214689265536
1482166800 379 36.43012313104661
1482170400 446 37.18957399103137
1482174000 414 30.843357487922706
1482177600 303 27.614961496149594
1482181200 285 27.560760233918142
1482184800 301 27.793410852713187
1482188400 216 27.25740740740741
1482192000 123 23.253387533875333
1482195600 44 19.92727272727273
1482199200 24 17.796527777777776
1482202800 23 16.92753623188406
1482206400 34 30.294117647058822
1482210000 71 25.86079812206573
1482213600 184 35.15163043478262
1482217200 380 34.29578947368423
1482220800 355 35.53568075117371
1482224400 257 36.763878080415054
1482228000 293 40.856086461888516
1482231600 403 33.691480562448284
1482235200 362 34.953591160221
1482238800 414 32.77495974235105
1482242400 382 39.398647469459
1482246000 353 37.290604343720496
1482249600 363 34.70482093663914
1482253200 453 37.28211920529801
1482256800 452 39.229498525073744
1482260400 462 33.3929292929293
1482264000 374 27.674509803921552
1482267600 342 26.823781676413265
1482271200 350 29.25828571428571
1482274800 296 26.790146396396402
1482278400 157 26.340870488322714
1482282000 71 20.981220657276992
1482285600 36 19.677314814814814
1482289200 31 20.139247311827962
1482292800 35 17.76809523809524
1482296400 70 21.103571428571428
1482300000 182 37.733882783882805
1482303600 352 35.899857954545475
1482307200 341 33.38132942326493
1482310800 280 37.13523809523808
1482314400 242 37.95337465564737
1482318000 318 36.05744234800841
1482321600 305 29.844699453551925
1482325200 370 34.92684684684686
1482328800 332 34.74618473895582
1482332400 321 37.52772585669783
1482336000 342 34.79858674463939
1482339600 383 36.897954743255
1482343200 447 37.082214765100666
1482346800 479 29.808002783576885
1482350400 362 27.95966850828732
1482354000 322 27.588405797101455
1482357600 349 28.92960840496658
1482361200 293 26.937372013651874
1482364800 148 23.13502252252254
1482368400 79 21.680379746835442
1482372000 37 20.03378378378378
1482375600 30 19.277777777777775
1482379200 43 22.692248062015498
1482382800 64 30.254687500000006
1482386400 152 29.23815789473684
1482390000 332 33.62203815261043
1482393600 338 31.1897435897436
1482397200 270 37.62790123456791
1482400800 255 35.07797385620912
1482404400 307 35.34397394136811
1482408000 283 35.470848056537115
1482411600 334 33.63917165668661
1482415200 286 35.80058275058274
1482418800 306 33.516285403050105
1482422400 323 36.79803921568629
1482426000 343 37.33566569484934
1482429600 390 33.4004700854701
1482433200 416 29.602043269230798
1482436800 329 23.63145896656535
1482440400 268 27.187189054726392
1482444000 311 26.36404072883173
1482447600 276 25.204830917874368
1482451200 154 23.06071428571429
1482454800 112 21.064880952380964
1482458400 46 19.224275362318835
1482462000 49 18.56292517006802
1482465600 45 23.716666666666665
1482469200 65 23.105128205128207
1482472800 155 27.979999999999986
1482476400 293 29.41774744027303
1482480000 306 34.39749455337691
1482483600 257 37.63612191958497
1482487200 245 42.32292517006802
1482490800 336 29.667460317460318
1482494400 382 34.28049738219892
1482498000 329 32.21124620060792
1482501600 327 35.622477064220206
1482505200 318 37.16609014675051
1482508800 266 35.709649122807015
1482512400 260 30.75653846153847
1482516000 275 30.44036363636364
1482519600 285 25.61228070175437
1482523200 226 23.985250737463133
1482526800 193 24.67849740932643
1482530400 217 24.53947772657451
1482534000 189 21.989065255731926
1482537600 145 21.56149425287356
1482541200 97 21.668213058419237
1482544800 48 21.052083333333332
1482548400 47 22.738297872340425
1482552000 57 19.695614035087726
1482555600 48 25.087152777777785
1482559200 66 31.545707070707067
1482562800 108 33.623765432098764
1482566400 157 37.17377919320594
1482570000 203 42.553612479474545
1482573600 234 34.164387464387474
1482577200 263 30.096261089987333
1482580800 191 29.728795811518314
1482584400 169 26.378402366863916
1482588000 203 30.685385878489317
1482591600 211 27.365402843601903
1482595200 214 27.163161993769464
1482598800 174 27.956513409961687
1482602400 187 28.775668449197866
1482606000 100 26.041333333333327
1482609600 52 27.22371794871795
1482613200 78 24.463461538461534
1482616800 99 28.57070707070707
1482620400 102 26.774836601307186
1482624000 70 23.84666666666667
1482627600 33 19.731818181818184
1482631200 17 20.13235294117647
1482634800 6 37.70277777777778
1482638400 18 16.41666666666667
1482642000 21 22.94444444444444
1482645600 19 17.968421052631577
1482649200 28 20.106547619047614
1482652800 39 24.43290598290598
1482656400 84 29.52559523809524
1482660000 116 32.16149425287356
1482663600 179 31.85567970204841
1482667200 68 22.35318627450981
1482670800 48 23.300347222222225
1482674400 79 22.53333333333334
1482678000 90 24.74
1482681600 111 23.08678678678678
1482685200 129 24.955943152454772
1482688800 168 22.830456349206344
1482692400 127 20.574803149606307
1482696000 95 21.12157894736842
1482699600 113 23.13613569321534
1482703200 92 22.25670289855072
1482706800 57 20.14970760233918
1482710400 28 18.426190476190474
1482714000 20 12.684166666666666
1482717600 15 14.03888888888889
1482721200 15 22.103333333333335
1482724800 20 17.770833333333332
1482728400 23 25.245652173913044
1482732000 21 18.523015873015876
1482735600 33 20.95353535353535
1482739200 60 25.139166666666668
1482742800 82 22.829065040650395
1482746400 100 23.834333333333337
1482750000 131 22.899618320610685
1482753600 95 18.690701754385966
1482757200 108 22.75895061728395
1482760800 117 21.852421652421658
1482764400 138 27.751328502415458
1482768000 139 24.80719424460431
1482771600 133 23.474185463659143
1482775200 181 24.85736648250461
1482778800 158 21.94377637130801
1482782400 116 22.91422413793104
1482786000 116 22.34712643678161
1482789600 106 22.3438679245283
1482793200 85 20.857647058823527
1482796800 44 18.128787878787882
1482800400 21 17.423015873015874
1482804000 13 22.08974358974359
1482807600 20 15.703333333333337
1482811200 14 18.979761904761908
1482814800 45 29.231481481481485
1482818400 67 25.330845771144276
1482822000 178 22.842134831460676
1482825600 207 28.17431561996779
1482829200 177 25.505178907721284
1482832800 168 27.93938492063492
1482836400 215 28.397829457364352
1482840000 162 23.605864197530853
1482843600 193 28.106649395509507
1482847200 198 37.97449494949495
1482850800 115 31.440869565217398
1482854400 263 25.70792141951838
1482858000 237 24.183122362869188
1482861600 264 24.789141414141422
1482865200 204 20.994117647058832
1482868800 137 22.84464720194647
1482872400 110 19.140303030303034
1482876000 112 21.538541666666664
1482879600 92 22.407065217391303
1482883200 42 28.538095238095234
1482886800 20 17.025000000000002
1482890400 8 19.441666666666666
1482894000 22 20.16969696969697
1482897600 27 28.31728395061728
1482901200 36 24.292592592592595
1482904800 77 27.239610389610387
1482908400 196 25.096513605442173
1482912000 217 28.321044546850995
1482915600 160 24.045416666666664
1482919200 206 24.357281553398064
1482922800 142 17.850234741784032
1482926400 119 28.535714285714292
1482930000 210 27.451269841269852
1482933600 209 28.585486443381182
1482937200 218 24.550917431192666
1482940800 253 25.389393939393948
1482944400 271 25.974231242312428
1482948000 265 23.920566037735835
1482951600 227 22.997650513950077
1482955200 141 22.723404255319142
1482958800 148 22.15292792792792
1482962400 131 23.522646310432577
1482966000 107 21.743457943925236
1482969600 52 16.463461538461537
1482973200 23 15.744202898550727
1482976800 15 19.592222222222222
1482980400 16 20.807291666666668
1482984000 23 34.85434782608695
1482987600 38 24.122368421052627
1482991200 75 29.63355555555556
1482994800 189 23.34929453262786
1482998400 221 24.73288084464555
1483002000 171 28.075146198830396
1483005600 188 28.20407801418438
1483009200 227 27.316960352422907
1483012800 219 28.632648401826486
1483016400 219 24.64063926940639
1483020000 230 26.342898550724637
1483023600 231 28.07640692640692
1483027200 266 27.197932330827065
1483030800 248 24.540725806451604
1483034400 303 25.278712871287127
1483038000 208 22.63766025641025
1483041600 158 23.519409282700423
1483045200 135 21.897654320987662
1483048800 138 23.189009661835733
1483052400 102 23.218300653594774
1483056000 52 19.341666666666665
1483059600 29 18.329885057471262
1483063200 19 21.44824561403509
1483066800 21 21.12142857142857
1483070400 20 18.904166666666672
1483074000 38 22.672368421052635
1483077600 84 26.507539682539676
1483081200 196 30.844727891156456
1483084800 175 37.83380952380953
1483088400 236 24.423305084745763
1483092000 186 25.446057347670255
1483095600 215 26.986976744186045
1483099200 246 22.48712737127372
1483102800 237 24.343881856540094
1483106400 264 28.545454545454554
1483110000 236 26.796610169491522
1483113600 257 27.121271076523993
1483117200 213 24.544835680751152
1483120800 258 23.947868217054268
1483124400 208 21.518349358974344
1483128000 153 24.558496732026132
1483131600 144 21.79340277777778
1483135200 162 22.54146090534978
1483138800 88 22.320833333333333
1483142400 63 23.661375661375665
1483146000 29 19.45632183908046
1483149600 23 19.259420289855072
1483153200 30 25.402777777777775
1483156800 27 17.627160493827162
1483160400 26 21.316666666666663
1483164000 54 27.599074074074068
1483167600 84 29.318452380952365
1483171200 113 35.726548672566366
1483174800 150 29.73700000000001
1483178400 196 28.443112244897964
1483182000 191 25.99031413612565
1483185600 180 22.55574074074074
1483189200 165 25.97939393939394
1483192800 165 23.147575757575748
1483196400 190 25.095438596491228
1483200000 201 23.048341625207303
1483203600 200 25.1635
1483207200 277 28.273706377857994
1483210800 327 27.62339449541285
1483214400 151 22.023178807947033
1483218000 66 22.627272727272736
1483221600 68 22.390931372549012
1483225200 149 27.604026845637577
1483228800 207 25.02391304347827
1483232400 207 23.459742351046696
1483236000 165 24.021717171717174
1483239600 122 22.150000000000002
1483243200 69 23.220772946859906
1483246800 53 22.488050314465408
1483250400 29 18.766666666666666
1483254000 34 25.371078431372553
1483257600 30 18.600555555555555
1483261200 52 17.42275641025642
1483264800 66 24.385353535353538
1483268400 107 23.690342679127728
1483272000 124 19.55551075268817
1483275600 125 24.694933333333328
1483279200 127 23.792650918635164
1483282800 182 24.14093406593408
1483286400 173 24.88853564547207
1483290000 155 22.05451612903226
1483293600 191 23.829319371727756
1483297200 124 23.06451612903226
1483300800 111 23.369819819819813
1483304400 101 21.970792079207914
1483308000 89 22.14644194756555
1483311600 65 21.979999999999997
1483315200 21 24.11746031746032
1483318800 12 16.931944444444444
1483322400 12 19.36527777777778
1483326000 16 27.56041666666667
1483329600 17 18.31470588235294
1483333200 30 23.980555555555558
1483336800 63 23.857936507936515
1483340400 162 25.11615226337448
1483344000 148 27.638288288288287
1483347600 160 23.62729166666665
1483351200 141 28.450354609929065
1483354800 178 21.8120786516854
1483358400 167 22.894311377245497
1483362000 171 25.090155945419117
1483365600 181 23.032688766114187
1483369200 205 28.88447154471547
1483372800 240 26.27388888888887
1483376400 260 22.986282051282057
1483380000 228 24.484283625731
1483383600 179 21.93277467411546
1483387200 111 21.81936936936937
1483390800 125 21.48493333333334
1483394400 101 23.85330033003301
1483398000 74 21.852927927927936
1483401600 33 22.6959595959596
1483405200 15 25.745555555555555
1483408800 2 23.691666666666666
1483412400 11 29.175757575757576
1483416000 22 19.900757575757577
1483419600 40 22.23083333333333
1483423200 75 24.913777777777778
1483426800 215 25.923488372093026
1483430400 223 23.47869955156949
1483434000 154 27.33506493506495
1483437600 169 27.809960552268237
1483441200 182 24.200091575091577
1483444800 169 24.628007889546346
1483448400 177 26.25715630885123
1483452000 179 28.46545623836128
1483455600 190 26.534385964912275
1483459200 267 24.61117353308363
1483462800 288 23.93819444444446
1483466400 315 23.75465608465608
1483470000 217 21.106528417818755
1483473600 143 21.10955710955712
1483477200 148 21.39324324324324
1483480800 117 23.774501424501416
1483484400 72 20.539583333333333
1483488000 31 21.42634408602151
1483491600 23 21.168840579710146
1483495200 12 16.57222222222222
1483498800 10 14.436666666666664
1483502400 20 18.562499999999996
1483506000 26 20.475
1483509600 95 24.41035087719298
1483513200 250 24.027933333333344
1483516800 238 23.713725490196097
1483520400 183 25.632877959927136
1483524000 178 27.871441947565543
1483527600 237 24.474542897327705
1483531200 217 22.92580645161291
1483534800 200 24.148333333333344
1483538400 201 25.7572968490879
1483542000 238 26.22023809523809
1483545600 304 28.308223684210528
1483549200 317 25.18280757097793
1483552800 337 23.534915924826905
1483556400 243 22.16467764060358
1483560000 166 21.657931726907627
1483563600 149 20.64910514541387
1483567200 161 21.48488612836438
1483570800 104 20.38301282051282
1483574400 42 20.88809523809524
1483578000 19 18.51842105263158
1483581600 7 20.252380952380953
1483585200 13 17.960256410256406
1483588800 19 26.014912280701754
1483592400 37 23.42747747747748
1483596000 100 25.924166666666665
1483599600 303 24.944554455445537
1483603200 268 22.81019900497511
1483606800 210 26.79738095238096
1483610400 194 25.554467353951885
1483614000 246 26.368766937669385
1483617600 208 24.877724358974362
1483621200 259 24.743178893178893
1483624800 252 26.797883597883597
1483628400 262 26.275127226463102
1483632000 360 27.088009259259263
1483635600 396 25.615824915824916
1483639200 366 23.39872495446265
1483642800 308 22.779112554112558
1483646400 229 21.48427947598253
1483650000 196 24.199744897959192
1483653600 187 23.277272727272724
1483657200 145 21.297931034482755
1483660800 79 20.739662447257384
1483664400 49 17.540136054421772
1483668000 33 18.062121212121212
1483671600 26 17.60512820512821
1483675200 31 21.710752688172047
1483678800 40 18.68208333333333
1483682400 57 23.162865497076023
1483686000 92 24.6608695652174
1483689600 135 21.294567901234554
1483693200 152 24.243201754385964
1483696800 168 22.33234126984128
1483700400 229 22.40043668122271
1483704000 189 20.664109347442675
1483707600 184 22.96204710144927
1483711200 242 25.046763085399444
1483714800 217 23.865898617511515
1483718400 260 23.673333333333314
1483722000 272 22.784926470588225
1483725600 316 23.892563291139233
1483729200 277 23.658784596871225
1483732800 208 21.845673076923063
1483736400 205 21.839837398373998
1483740000 205 25.640406504065044
1483743600 170 22.403627450980405
1483747200 94 21.371808510638292
1483750800 72 17.129166666666677
1483754400 38 21.4609649122807
1483758000 28 26.636904761904766
1483761600 30 17.802777777777784
1483765200 25 31.02666666666666
1483768800 50 28.726999999999997
1483772400 92 25.395108695652162
1483776000 139 31.380215827338134
1483779600 193 27.964075993091527
1483783200 219 28.234170471841697
1483786800 255 24.6319607843137
1483790400 245 23.021360544217686
1483794000 235 26.143475177304968
1483797600 256 24.79720052083334
1483801200 280 25.818869047619035
1483804800 272 24.99871323529413
1483808400 326 25.30812883435582
1483812000 377 24.888328912466847
1483815600 333 26.27912912912912
1483819200 239 23.71938633193865
1483822800 190 23.32
1483826400 247 24.16464237516869
1483830000 220 24.819848484848475
1483833600 161 24.12836438923395
1483837200 72 19.490046296296306
1483840800 45 19.282592592592597
1483844400 26 24.291666666666664
1483848000 25 20.779333333333334
1483851600 18 18.725
1483855200 32 18.252604166666668
1483858800 47 27.413120567375884
1483862400 116 21.83879310344826
1483866000 170 21.90333333333333
1483869600 189 29.33915343915343
1483873200 254 24.53339895013123
1483876800 232 20.404669540229882
1483880400 255 23.357581699346415
1483884000 271 28.612792127921285
1483887600 290 25.988390804597692
1483891200 299 25.608305462653284
1483894800 293 27.75238907849828
1483898400 322 24.82412008281577
1483902000 245 22.784081632653063
1483905600 191 23.485951134380453
1483909200 196 22.981292517006807
1483912800 140 22.688928571428566
1483916400 83 22.76546184738956
1483920000 35 20.241904761904753
1483923600 10 18.385
1483927200 7 20.89761904761905
1483930800 22 17.781060606060603
1483934400 41 19.441463414634143
1483938000 59 24.697740112994357
1483941600 200 31.627750000000006
1483945200 388 30.327792096219923
1483948800 297 27.72003367003368
1483952400 227 27.14625550660793
1483956000 184 28.20778985507247
1483959600 260 23.928910256410273
1483963200 282 26.348581560283662
1483966800 281 26.666192170818512
1483970400 247 29.13461538461538
1483974000 280 25.29976190476192
1483977600 355 28.26272300469484
1483981200 431 29.381709203402934
1483984800 450 26.715333333333344
1483988400 377 23.03748894783377
1483992000 282 22.761938534278947
1483995600 235 21.32333333333333
1483999200 187 23.678431372549014
1484002800 129 22.796124031007754
1484006400 59 18.916666666666664
1484010000 44 21.760606060606058
1484013600 3 32.28333333333333
1484017200 17 14.872549019607844
1484020800 31 23.339247311827958
1484024400 71 24.12605633802817
1484028000 202 32.11922442244224
1484031600 396 30.242718855218836
1484035200 360 28.268240740740733
1484038800 260 28.63602564102564
1484042400 242 31.133402203856743
1484046000 309 25.78069039913701
1484049600 298 28.464821029082774
1484053200 341 27.471749755620735
1484056800 314 28.72176220806793
1484060400 307 28.133279044516833
1484064000 352 27.086363636363636
1484067600 488 30.002698087431657
1484071200 450 26.754444444444427
1484074800 400 22.611291666666673
1484078400 286 22.581643356643358
1484082000 250 22.376799999999996
1484085600 240 25.352152777777768
1484089200 144 25.408449074074067
1484092800 103 21.05275080906149
1484096400 54 18.684259259259267
1484100000 10 19.386666666666667
1484103600 14 16.604761904761904
1484107200 21 17.688095238095237
1484110800 75 23.07444444444445
1484114400 175 31.485523809523823
1484118000 412 29.972855987055027
1484121600 389 29.500814053127684
1484125200 264 28.147032828282818
1484128800 259 27.371750321750326
1484132400 315 28.033492063492062
1484136000 305 26.009781420765034
1484139600 333 28.06146146146145
1484143200 316 30.11223628691982
1484146800 316 25.963502109704642
1484150400 354 28.72222222222221
1484154000 464 30.39263649425287
1484157600 466 29.79810443490702
1484161200 440 25.380946969696954
1484164800 343 22.444169096209905
1484168400 297 23.040572390572386
1484172000 262 23.808587786259544
1484175600 178 22.417602996254683
1484179200 85 24.119215686274508
1484182800 52 20.4
1484186400 17 14.266666666666667
1484190000 15 24.326666666666664
1484193600 24 19.485416666666666
1484197200 63 22.403174603174605
1484200800 190 31.179999999999993
1484204400 406 31.574096880131346
1484208000 378 28.76737213403881
1484211600 306 29.484150326797383
1484215200 256 27.84667968749999
1484218800 358 26.501536312849154
1484222400 314 28.450159235668792
1484226000 375 29.53960000000001
1484229600 325 26.46574358974359
1484233200 344 29.392490310077502
1484236800 391 27.83959931798805
1484240400 494 31.61707152496625
1484244000 497 30.674580818242788
1484247600 476 28.929866946778716
1484251200 338 24.877958579881657
1484254800 300 26.46061111111111
1484258400 324 25.726491769547348
1484262000 191 23.76082024432811
1484265600 113 21.11991150442479
1484269200 58 21.73362068965518
1484272800 11 22.943939393939395
1484276400 15 24.20555555555556
1484280000 33 20.543434343434335
1484283600 79 22.684599156118143
1484287200 195 33.935384615384606
1484290800 436 37.20252293577981
1484294400 402 27.445978441127703
1484298000 310 34.72510752688172
1484301600 317 28.52197686645637
1484305200 359 29.724233983286904
1484308800 334 28.250199600798407
1484312400 403 26.842886683209265
1484316000 352 31.108664772727277
1484319600 358 29.672672253258842
1484323200 455 33.08355311355312
1484326800 497 32.103688799463455
1484330400 535 33.26358255451714
1484334000 546 29.576129426129445
1484337600 442 25.053129713423832
1484341200 383 24.90169712793734
1484344800 383 26.801784160139242
1484348400 386 28.101943005181344
1484352000 255 26.55653594771242
1484355600 163 22.13057259713702
1484359200 87 21.864559386973177
1484362800 64 19.180468750000003
1484366400 47 18.3258865248227
1484370000 44 20.450757575757578
1484373600 76 24.84736842105264
1484377200 208 26.90312499999999
1484380800 265 28.72327044025159
1484384400 284 33.618603286384975
1484388000 290 32.54379310344827
1484391600 345 28.80835748792271
1484395200 346 26.225722543352603
1484398800 318 27.722851153039834
1484402400 356 29.945880149812734
1484406000 380 30.40820175438595
1484409600 387 32.11145564168822
1484413200 395 29.942447257383986
1484416800 510 32.47640522875817
1484420400 569 28.56376684241359
1484424000 403 25.285277088502873
1484427600 373 27.009025915996425
1484431200 439 27.763287775246773
1484434800 384 30.59114583333333
1484438400 309 26.89546925566343
1484442000 167 24.411976047904194
1484445600 97 27.116838487972526
1484449200 83 20.068473895582333
1484452800 50 15.957666666666668
1484456400 24 19.42430555555556
1484460000 36 21.527777777777775
1484463600 88 20.396022727272722
1484467200 128 22.821875000000006
1484470800 186 25.610663082437274
1484474400 245 27.403537414966006
1484478000 311 25.946730975348355
1484481600 330 22.834595959595955
1484485200 312 27.38589743589743
1484488800 293 25.840841865756556
1484492400 361 30.207940904893817
1484496000 378 27.037874779541447
1484499600 388 27.65592783505157
1484503200 391 27.29514066496165
1484506800 336 24.292410714285715
1484510400 235 22.622127659574463
1484514000 257 24.170298313878074
1484517600 235 22.36333333333334
1484521200 131 20.529516539440205
1484524800 62 21.96962365591398
1484528400 28 17.64880952380953
1484532000 15 17.49888888888889
1484535600 25 17.93266666666667
1484539200 52 21.13012820512821
1484542800 83 21.129317269076306
1484546400 174 31.37461685823756
1484550000 352 31.757859848484852
1484553600 314 30.058174097664526
1484557200 279 31.100059737156517
1484560800 268 29.278109452736306
1484564400 293 25.822184300341302
1484568000 324 29.130246913580237
1484571600 344 29.8031976744186
1484575200 289 29.02987312572087
1484578800 281 30.55670225385527
1484582400 349 28.987535816618905
1484586000 431 30.915777262180956
1484589600 458 27.343595342066987
1484593200 373 26.58663985701518
1484596800 306 22.250762527233125
1484600400 258 22.44993540051678
1484604000 216 23.301774691358023
1484607600 160 21.64583333333333
1484611200 86 20.96608527131783
1484614800 48 19.932986111111106
1484618400 18 32.21018518518519
1484622000 13 20.566666666666666
1484625600 29 19.74540229885057
1484629200 56 23.72142857142857
1484632800 194 30.977749140893476
1484636400 443 32.65865312264861
1484640000 385 30.222164502164485
1484643600 264 30.328661616161607
1484647200 239 31.780055788005562
1484650800 297 27.08742985409651
1484654400 294 29.489965986394555
1484658000 314 31.42160297239914
1484661600 297 31.01661054994388
1484665200 341 30.05234604105571
1484668800 352 28.963446969696964
1484672400 458 31.19363173216882
1484676000 504 29.28419312169311
1484679600 422 24.872788309636643
1484683200 303 25.162926292629262
1484686800 302 24.247737306843256
1484690400 264 26.342297979797966
1484694000 175 22.9952380952381
1484697600 102 22.6514705882353
1484701200 46 18.139855072463767
1484704800 20 19.927500000000002
1484708400 19 25.429824561403507
1484712000 24 17.49722222222222
1484715600 73 22.362557077625567
1484719200 180 31.582592592592597
1484722800 378 30.774603174603147
1484726400 349 26.363371537726852
1484730000 67 18.027114427860692

